,Labels,pred_female,pred_male,Image path,pred_female_softmax,pred_male_softmax
0,0,-0.8658899664878845,0.16981619596481323,/home/magali/CV4Ecology-summer-school/PrototypeCroppedImages/PrototypeCroppedImages_Sex_Val/1_cropped.jpg,0.26197934205833057,0.7380206579416694
1,0,-0.4113036096096039,-0.0722862258553505,/home/magali/CV4Ecology-summer-school/PrototypeCroppedImages/PrototypeCroppedImages_Sex_Val/2_cropped.jpg,0.41604818602715854,0.5839518139728415
2,0,-0.8099389672279358,-0.08601556718349457,/home/magali/CV4Ecology-summer-school/PrototypeCroppedImages/PrototypeCroppedImages_Sex_Val/3_cropped.jpg,0.326529609283689,0.673470390716311
3,0,-0.775855541229248,0.06413373351097107,/home/magali/CV4Ecology-summer-school/PrototypeCroppedImages/PrototypeCroppedImages_Sex_Val/4_cropped.jpg,0.3015370428659422,0.6984629571340578
4,0,-0.8613077402114868,0.10957690328359604,/home/magali/CV4Ecology-summer-school/PrototypeCroppedImages/PrototypeCroppedImages_Sex_Val/5_cropped.jpg,0.27470420911715604,0.725295790882844
5,0,-1.0444653034210205,-0.01982451230287552,/home/magali/CV4Ecology-summer-school/PrototypeCroppedImages/PrototypeCroppedImages_Sex_Val/6_cropped.jpg,0.2641244169686137,0.7358755830313863
6,0,-1.1664961576461792,-0.1434537023305893,/home/magali/CV4Ecology-summer-school/PrototypeCroppedImages/PrototypeCroppedImages_Sex_Val/7_cropped.jpg,0.2644351909438521,0.735564809056148
7,0,-0.8717386722564697,0.1173139438033104,/home/magali/CV4Ecology-summer-school/PrototypeCroppedImages/PrototypeCroppedImages_Sex_Val/8_cropped.jpg,0.27109924432512006,0.7289007556748799
8,0,-0.8255894780158997,0.2891068160533905,/home/magali/CV4Ecology-summer-school/PrototypeCroppedImages/PrototypeCroppedImages_Sex_Val/9_cropped.jpg,0.24699639125342976,0.7530036087465702
9,0,-0.5192804336547852,-0.1436522901058197,/home/magali/CV4Ecology-summer-school/PrototypeCroppedImages/PrototypeCroppedImages_Sex_Val/10_cropped.jpg,0.40718176692060676,0.5928182330793932
10,1,-1.7333669662475586,-0.39067375659942627,/home/magali/CV4Ecology-summer-school/PrototypeCroppedImages/PrototypeCroppedImages_Sex_Val/11_cropped.jpg,0.2070675100974713,0.7929324899025287
11,1,-1.1602585315704346,-0.4133763015270233,/home/magali/CV4Ecology-summer-school/PrototypeCroppedImages/PrototypeCroppedImages_Sex_Val/12_cropped.jpg,0.321501026459789,0.6784989735402109
12,1,-0.8268164992332458,-0.3467775881290436,/home/magali/CV4Ecology-summer-school/PrototypeCroppedImages/PrototypeCroppedImages_Sex_Val/13_cropped.jpg,0.38224293698221656,0.6177570630177833
13,0,-0.8901013731956482,-0.0364515483379364,/home/magali/CV4Ecology-summer-school/PrototypeCroppedImages/PrototypeCroppedImages_Sex_Val/14_cropped.jpg,0.2986677843777424,0.7013322156222576
14,0,-0.8482746481895447,0.12859153747558594,/home/magali/CV4Ecology-summer-school/PrototypeCroppedImages/PrototypeCroppedImages_Sex_Val/15_cropped.jpg,0.27351404328428525,0.7264859567157147
15,0,-1.0712674856185913,-0.41398802399635315,/home/magali/CV4Ecology-summer-school/PrototypeCroppedImages/PrototypeCroppedImages_Sex_Val/16_cropped.jpg,0.3413510072824734,0.6586489927175265
16,0,-0.8596298098564148,-0.3647596538066864,/home/magali/CV4Ecology-summer-school/PrototypeCroppedImages/PrototypeCroppedImages_Sex_Val/17_cropped.jpg,0.37874695631066657,0.6212530436893334
17,0,-1.1075528860092163,-0.5902154445648193,/home/magali/CV4Ecology-summer-school/PrototypeCroppedImages/PrototypeCroppedImages_Sex_Val/18_cropped.jpg,0.3734750394034642,0.6265249605965356
18,0,-1.1171660423278809,-0.6736899018287659,/home/magali/CV4Ecology-summer-school/PrototypeCroppedImages/PrototypeCroppedImages_Sex_Val/19_cropped.jpg,0.3909129869800348,0.6090870130199652
19,0,-1.0232232809066772,-0.9007159471511841,/home/magali/CV4Ecology-summer-school/PrototypeCroppedImages/PrototypeCroppedImages_Sex_Val/20_cropped.jpg,0.4694114132405497,0.5305885867594503
20,0,-0.9022774696350098,-0.047700852155685425,/home/magali/CV4Ecology-summer-school/PrototypeCroppedImages/PrototypeCroppedImages_Sex_Val/21_cropped.jpg,0.2984736896777641,0.7015263103222359
21,0,-0.8830243349075317,-0.06838399916887283,/home/magali/CV4Ecology-summer-school/PrototypeCroppedImages/PrototypeCroppedImages_Sex_Val/22_cropped.jpg,0.3069025507592066,0.6930974492407934
22,0,-0.9365689158439636,0.015571348369121552,/home/magali/CV4Ecology-summer-school/PrototypeCroppedImages/PrototypeCroppedImages_Sex_Val/23_cropped.jpg,0.2784546013186892,0.7215453986813107
23,1,-0.7989621758460999,-0.4021945297718048,/home/magali/CV4Ecology-summer-school/PrototypeCroppedImages/PrototypeCroppedImages_Sex_Val/24_cropped.jpg,0.40208919478747085,0.5979108052125292
24,1,-1.0448601245880127,-0.6282331347465515,/home/magali/CV4Ecology-summer-school/PrototypeCroppedImages/PrototypeCroppedImages_Sex_Val/25_cropped.jpg,0.3973241629030168,0.6026758370969831
25,1,-1.3141483068466187,0.05181628465652466,/home/magali/CV4Ecology-summer-school/PrototypeCroppedImages/PrototypeCroppedImages_Sex_Val/26_cropped.jpg,0.20327260984671472,0.7967273901532853
26,1,-1.1180336475372314,0.16891196370124817,/home/magali/CV4Ecology-summer-school/PrototypeCroppedImages/PrototypeCroppedImages_Sex_Val/27_cropped.jpg,0.21637024648738504,0.783629753512615
27,1,-1.4601941108703613,-0.137549489736557,/home/magali/CV4Ecology-summer-school/PrototypeCroppedImages/PrototypeCroppedImages_Sex_Val/28_cropped.jpg,0.21037863393562609,0.7896213660643739
28,1,-0.8451444506645203,-0.517190158367157,/home/magali/CV4Ecology-summer-school/PrototypeCroppedImages/PrototypeCroppedImages_Sex_Val/29_cropped.jpg,0.41873845844712354,0.5812615415528765
29,0,-1.0301735401153564,-0.05030705779790878,/home/magali/CV4Ecology-summer-school/PrototypeCroppedImages/PrototypeCroppedImages_Sex_Val/30_cropped.jpg,0.27291827728885376,0.7270817227111462
30,0,-1.1267096996307373,0.17853811383247375,/home/magali/CV4Ecology-summer-school/PrototypeCroppedImages/PrototypeCroppedImages_Sex_Val/31_cropped.jpg,0.21328314338690907,0.7867168566130909
31,0,-1.0026804208755493,0.13275352120399475,/home/magali/CV4Ecology-summer-school/PrototypeCroppedImages/PrototypeCroppedImages_Sex_Val/32_cropped.jpg,0.2431596807951749,0.7568403192048251
32,0,-1.079728364944458,-0.008956722915172577,/home/magali/CV4Ecology-summer-school/PrototypeCroppedImages/PrototypeCroppedImages_Sex_Val/33_cropped.jpg,0.255256366894291,0.7447436331057089
33,0,-0.9025989174842834,0.31786978244781494,/home/magali/CV4Ecology-summer-school/PrototypeCroppedImages/PrototypeCroppedImages_Sex_Val/34_cropped.jpg,0.22785397860925238,0.7721460213907477
34,0,-0.8161286115646362,-0.0037242844700813293,/home/magali/CV4Ecology-summer-school/PrototypeCroppedImages/PrototypeCroppedImages_Sex_Val/35_cropped.jpg,0.3073783849561585,0.6926216150438415
35,0,-1.1251075267791748,0.037387557327747345,/home/magali/CV4Ecology-summer-school/PrototypeCroppedImages/PrototypeCroppedImages_Sex_Val/36_cropped.jpg,0.2382142110308228,0.7617857889691773
36,0,-0.9489947557449341,0.20497411489486694,/home/magali/CV4Ecology-summer-school/PrototypeCroppedImages/PrototypeCroppedImages_Sex_Val/37_cropped.jpg,0.23976489945427723,0.7602351005457227
37,0,-0.6488968729972839,-0.046934548765420914,/home/magali/CV4Ecology-summer-school/PrototypeCroppedImages/PrototypeCroppedImages_Sex_Val/38_cropped.jpg,0.35389487334336583,0.6461051266566341
38,0,-1.1096442937850952,0.2906154990196228,/home/magali/CV4Ecology-summer-school/PrototypeCroppedImages/PrototypeCroppedImages_Sex_Val/39_cropped.jpg,0.19777488948320138,0.8022251105167986
39,1,-0.636927604675293,-0.428764671087265,/home/magali/CV4Ecology-summer-school/PrototypeCroppedImages/PrototypeCroppedImages_Sex_Val/40_cropped.jpg,0.448146374125056,0.5518536258749439
40,1,-0.5579309463500977,-0.24564215540885925,/home/magali/CV4Ecology-summer-school/PrototypeCroppedImages/PrototypeCroppedImages_Sex_Val/41_cropped.jpg,0.42255616949951064,0.5774438305004894
41,1,-0.5738267302513123,-0.20622903108596802,/home/magali/CV4Ecology-summer-school/PrototypeCroppedImages/PrototypeCroppedImages_Sex_Val/42_cropped.jpg,0.4091216294298999,0.5908783705701002
42,1,-0.8044143915176392,-0.3031615912914276,/home/magali/CV4Ecology-summer-school/PrototypeCroppedImages/PrototypeCroppedImages_Sex_Val/43_cropped.jpg,0.377246301293842,0.6227536987061579
43,1,-0.3525382876396179,-0.39363715052604675,/home/magali/CV4Ecology-summer-school/PrototypeCroppedImages/PrototypeCroppedImages_Sex_Val/44_cropped.jpg,0.5102732696998423,0.48972673030015773
44,1,-0.449497252702713,-0.2878047823905945,/home/magali/CV4Ecology-summer-school/PrototypeCroppedImages/PrototypeCroppedImages_Sex_Val/45_cropped.jpg,0.4596647228066087,0.5403352771933915
45,1,-1.4616551399230957,0.05653449147939682,/home/magali/CV4Ecology-summer-school/PrototypeCroppedImages/PrototypeCroppedImages_Sex_Val/46_cropped.jpg,0.1797282600992854,0.8202717399007147
46,1,-1.0850393772125244,-0.5310376882553101,/home/magali/CV4Ecology-summer-school/PrototypeCroppedImages/PrototypeCroppedImages_Sex_Val/47_cropped.jpg,0.3649364858838722,0.6350635141161278
47,1,-0.8159843683242798,0.02851157635450363,/home/magali/CV4Ecology-summer-school/PrototypeCroppedImages/PrototypeCroppedImages_Sex_Val/48_cropped.jpg,0.3005887318289956,0.6994112681710044
48,1,-0.4503289461135864,-0.39851731061935425,/home/magali/CV4Ecology-summer-school/PrototypeCroppedImages/PrototypeCroppedImages_Sex_Val/49_cropped.jpg,0.48704998796371063,0.5129500120362892
49,1,-1.4095605611801147,-0.11364030838012695,/home/magali/CV4Ecology-summer-school/PrototypeCroppedImages/PrototypeCroppedImages_Sex_Val/50_cropped.jpg,0.21485243239586602,0.7851475676041338
50,1,-0.6684736609458923,-0.07700888812541962,/home/magali/CV4Ecology-summer-school/PrototypeCroppedImages/PrototypeCroppedImages_Sex_Val/51_cropped.jpg,0.35629883802646894,0.6437011619735311
51,1,-1.225538730621338,-0.20971092581748962,/home/magali/CV4Ecology-summer-school/PrototypeCroppedImages/PrototypeCroppedImages_Sex_Val/52_cropped.jpg,0.2658408899057745,0.7341591100942255
52,1,-1.2079721689224243,-0.03594280779361725,/home/magali/CV4Ecology-summer-school/PrototypeCroppedImages/PrototypeCroppedImages_Sex_Val/53_cropped.jpg,0.23648836361691392,0.763511636383086
53,1,-1.272494912147522,-0.1723591685295105,/home/magali/CV4Ecology-summer-school/PrototypeCroppedImages/PrototypeCroppedImages_Sex_Val/54_cropped.jpg,0.24971446100356876,0.7502855389964311
54,1,-1.0756107568740845,-0.287325918674469,/home/magali/CV4Ecology-summer-school/PrototypeCroppedImages/PrototypeCroppedImages_Sex_Val/55_cropped.jpg,0.31253706650774454,0.6874629334922555
55,1,-0.340110719203949,-0.566585898399353,/home/magali/CV4Ecology-summer-school/PrototypeCroppedImages/PrototypeCroppedImages_Sex_Val/56_cropped.jpg,0.5563780267314336,0.4436219732685666
56,1,-0.25667810440063477,0.08513694256544113,/home/magali/CV4Ecology-summer-school/PrototypeCroppedImages/PrototypeCroppedImages_Sex_Val/57_cropped.jpg,0.41536864794011924,0.5846313520598807
57,1,-0.599912166595459,-0.30427423119544983,/home/magali/CV4Ecology-summer-school/PrototypeCroppedImages/PrototypeCroppedImages_Sex_Val/58_cropped.jpg,0.42662417082264564,0.5733758291773544
58,1,-0.32892200350761414,-0.19972243905067444,/home/magali/CV4Ecology-summer-school/PrototypeCroppedImages/PrototypeCroppedImages_Sex_Val/59_cropped.jpg,0.46774496458003245,0.5322550354199677
59,1,-0.38131844997406006,-0.12427853792905807,/home/magali/CV4Ecology-summer-school/PrototypeCroppedImages/PrototypeCroppedImages_Sex_Val/60_cropped.jpg,0.4360915020983526,0.5639084979016474
60,1,-0.4799703359603882,-0.09679960459470749,/home/magali/CV4Ecology-summer-school/PrototypeCroppedImages/PrototypeCroppedImages_Sex_Val/61_cropped.jpg,0.40536238341005554,0.5946376165899446
61,1,-0.6653672456741333,-0.5373554229736328,/home/magali/CV4Ecology-summer-school/PrototypeCroppedImages/PrototypeCroppedImages_Sex_Val/62_cropped.jpg,0.4680406756018094,0.5319593243981905
62,0,-0.5770432353019714,-0.17910680174827576,/home/magali/CV4Ecology-summer-school/PrototypeCroppedImages/PrototypeCroppedImages_Sex_Val/63_cropped.jpg,0.4018082347131109,0.5981917652868892
63,0,0.06348484754562378,-0.08301594853401184,/home/magali/CV4Ecology-summer-school/PrototypeCroppedImages/PrototypeCroppedImages_Sex_Val/64_cropped.jpg,0.5365598336632322,0.4634401663367679
64,0,-0.5825920104980469,-0.4364732801914215,/home/magali/CV4Ecology-summer-school/PrototypeCroppedImages/PrototypeCroppedImages_Sex_Val/65_cropped.jpg,0.4635351734286458,0.5364648265713542
65,0,-0.23945041000843048,-0.0869448259472847,/home/magali/CV4Ecology-summer-school/PrototypeCroppedImages/PrototypeCroppedImages_Sex_Val/66_cropped.jpg,0.4619473276843128,0.5380526723156872
66,0,-0.025202881544828415,-0.6995611786842346,/home/magali/CV4Ecology-summer-school/PrototypeCroppedImages/PrototypeCroppedImages_Sex_Val/67_cropped.jpg,0.662478366873277,0.33752163312672306
67,0,-0.9125316143035889,-0.6145734190940857,/home/magali/CV4Ecology-summer-school/PrototypeCroppedImages/PrototypeCroppedImages_Sex_Val/68_cropped.jpg,0.42605669504554317,0.5739433049544569
68,0,-0.24664141237735748,-0.18144869804382324,/home/magali/CV4Ecology-summer-school/PrototypeCroppedImages/PrototypeCroppedImages_Sex_Val/69_cropped.jpg,0.48370759135817265,0.5162924086418273
69,0,0.16304513812065125,-0.19464802742004395,/home/magali/CV4Ecology-summer-school/PrototypeCroppedImages/PrototypeCroppedImages_Sex_Val/70_cropped.jpg,0.5884819000101869,0.41151809998981315
70,0,-0.31452181935310364,-0.0732954740524292,/home/magali/CV4Ecology-summer-school/PrototypeCroppedImages/PrototypeCroppedImages_Sex_Val/71_cropped.jpg,0.43998415937870267,0.5600158406212973
71,0,-1.0536011457443237,0.05155295878648758,/home/magali/CV4Ecology-summer-school/PrototypeCroppedImages/PrototypeCroppedImages_Sex_Val/72_cropped.jpg,0.248775416642655,0.751224583357345
72,1,-0.2619653642177582,-0.16940319538116455,/home/magali/CV4Ecology-summer-school/PrototypeCroppedImages/PrototypeCroppedImages_Sex_Val/73_cropped.jpg,0.4768759655224526,0.5231240344775474
73,1,-0.3008548319339752,-0.37271052598953247,/home/magali/CV4Ecology-summer-school/PrototypeCroppedImages/PrototypeCroppedImages_Sex_Val/74_cropped.jpg,0.5179561981641285,0.4820438018358714
74,1,-0.07553642988204956,-0.8631090521812439,/home/magali/CV4Ecology-summer-school/PrototypeCroppedImages/PrototypeCroppedImages_Sex_Val/75_cropped.jpg,0.6873098880313646,0.3126901119686355
75,1,0.30542346835136414,-0.5365558862686157,/home/magali/CV4Ecology-summer-school/PrototypeCroppedImages/PrototypeCroppedImages_Sex_Val/76_cropped.jpg,0.6988819271290103,0.30111807287098974
76,1,0.29284846782684326,-0.3286969065666199,/home/magali/CV4Ecology-summer-school/PrototypeCroppedImages/PrototypeCroppedImages_Sex_Val/77_cropped.jpg,0.6505699382098247,0.3494300617901753
77,1,0.028107311576604843,-0.18061837553977966,/home/magali/CV4Ecology-summer-school/PrototypeCroppedImages/PrototypeCroppedImages_Sex_Val/78_cropped.jpg,0.55199279706138,0.44800720293861995
78,1,0.1975918859243393,-0.34892961382865906,/home/magali/CV4Ecology-summer-school/PrototypeCroppedImages/PrototypeCroppedImages_Sex_Val/79_cropped.jpg,0.6333281764485647,0.36667182355143535
79,1,-0.45608046650886536,-0.5355440378189087,/home/magali/CV4Ecology-summer-school/PrototypeCroppedImages/PrototypeCroppedImages_Sex_Val/80_cropped.jpg,0.5198554458933816,0.48014455410661844
80,1,0.37370744347572327,-0.377797931432724,/home/magali/CV4Ecology-summer-school/PrototypeCroppedImages/PrototypeCroppedImages_Sex_Val/81_cropped.jpg,0.6795066243181356,0.3204933756818645
81,1,0.24824725091457367,-0.14776837825775146,/home/magali/CV4Ecology-summer-school/PrototypeCroppedImages/PrototypeCroppedImages_Sex_Val/82_cropped.jpg,0.5977299969119533,0.40227000308804667
82,0,-1.1194676160812378,-0.4246978759765625,/home/magali/CV4Ecology-summer-school/PrototypeCroppedImages/PrototypeCroppedImages_Sex_Val/83_cropped.jpg,0.3329728621057051,0.6670271378942949
83,0,-1.2449694871902466,-0.4266960918903351,/home/magali/CV4Ecology-summer-school/PrototypeCroppedImages/PrototypeCroppedImages_Sex_Val/84_cropped.jpg,0.30613029301291034,0.6938697069870896
84,0,-0.8117541074752808,-0.1512162983417511,/home/magali/CV4Ecology-summer-school/PrototypeCroppedImages/PrototypeCroppedImages_Sex_Val/85_cropped.jpg,0.3406188105366177,0.6593811894633824
85,0,-0.4206615686416626,-0.4118097424507141,/home/magali/CV4Ecology-summer-school/PrototypeCroppedImages/PrototypeCroppedImages_Sex_Val/86_cropped.jpg,0.497787057901802,0.5022129420981981
86,0,-0.5557658076286316,0.17356926202774048,/home/magali/CV4Ecology-summer-school/PrototypeCroppedImages/PrototypeCroppedImages_Sex_Val/87_cropped.jpg,0.3253406587613748,0.674659341238625
87,0,-0.6409357786178589,-0.054040394723415375,/home/magali/CV4Ecology-summer-school/PrototypeCroppedImages/PrototypeCroppedImages_Sex_Val/88_cropped.jpg,0.35734751403102205,0.642652485968978
88,0,-0.4303743243217468,-0.4498401880264282,/home/magali/CV4Ecology-summer-school/PrototypeCroppedImages/PrototypeCroppedImages_Sex_Val/89_cropped.jpg,0.5048663122652814,0.49513368773471866
89,0,-0.6090701818466187,0.23849982023239136,/home/magali/CV4Ecology-summer-school/PrototypeCroppedImages/PrototypeCroppedImages_Sex_Val/90_cropped.jpg,0.2999428533554703,0.7000571466445298
90,0,-0.7947371006011963,0.005096070468425751,/home/magali/CV4Ecology-summer-school/PrototypeCroppedImages/PrototypeCroppedImages_Sex_Val/91_cropped.jpg,0.31006120632922385,0.6899387936707762
91,0,-0.5299757122993469,-0.300605446100235,/home/magali/CV4Ecology-summer-school/PrototypeCroppedImages/PrototypeCroppedImages_Sex_Val/92_cropped.jpg,0.44290752061074873,0.5570924793892512
92,0,-0.24683023989200592,0.5495674014091492,/home/magali/CV4Ecology-summer-school/PrototypeCroppedImages/PrototypeCroppedImages_Sex_Val/93_cropped.jpg,0.31079662520594764,0.6892033747940524
93,0,-0.6280303001403809,-0.03877728432416916,/home/magali/CV4Ecology-summer-school/PrototypeCroppedImages/PrototypeCroppedImages_Sex_Val/94_cropped.jpg,0.35680626551228206,0.6431937344877179
94,1,-0.1889583319425583,-0.25499799847602844,/home/magali/CV4Ecology-summer-school/PrototypeCroppedImages/PrototypeCroppedImages_Sex_Val/95_cropped.jpg,0.5165039189433835,0.48349608105661634
95,1,-0.678160548210144,-0.28923702239990234,/home/magali/CV4Ecology-summer-school/PrototypeCroppedImages/PrototypeCroppedImages_Sex_Val/96_cropped.jpg,0.4039764667857968,0.5960235332142033
96,1,-0.9102545380592346,-0.5055685043334961,/home/magali/CV4Ecology-summer-school/PrototypeCroppedImages/PrototypeCroppedImages_Sex_Val/97_cropped.jpg,0.4001869924104238,0.5998130075895761
97,1,-0.65667724609375,0.24226102232933044,/home/magali/CV4Ecology-summer-school/PrototypeCroppedImages/PrototypeCroppedImages_Sex_Val/98_cropped.jpg,0.2892687323983468,0.7107312676016532
98,1,-0.5619097352027893,-0.3775472342967987,/home/magali/CV4Ecology-summer-school/PrototypeCroppedImages/PrototypeCroppedImages_Sex_Val/99_cropped.jpg,0.45403948245888187,0.5459605175411181
99,1,-0.4406793713569641,-0.190145343542099,/home/magali/CV4Ecology-summer-school/PrototypeCroppedImages/PrototypeCroppedImages_Sex_Val/100_cropped.jpg,0.4376920610352249,0.5623079389647752
100,1,-0.41205835342407227,-0.5925232172012329,/home/magali/CV4Ecology-summer-school/PrototypeCroppedImages/PrototypeCroppedImages_Sex_Val/101_cropped.jpg,0.544994169621717,0.4550058303782832
101,0,0.020981136709451675,0.1285531222820282,/home/magali/CV4Ecology-summer-school/PrototypeCroppedImages/PrototypeCroppedImages_Sex_Val/102_cropped.jpg,0.4731329068451596,0.5268670931548404
102,0,-0.10590650141239166,-0.4026125371456146,/home/magali/CV4Ecology-summer-school/PrototypeCroppedImages/PrototypeCroppedImages_Sex_Val/103_cropped.jpg,0.5736370830952935,0.4263629169047065
103,0,-0.11456836760044098,-0.10313376039266586,/home/magali/CV4Ecology-summer-school/PrototypeCroppedImages/PrototypeCroppedImages_Sex_Val/104_cropped.jpg,0.4971413793451002,0.5028586206548998
104,0,0.07462820410728455,-0.14313474297523499,/home/magali/CV4Ecology-summer-school/PrototypeCroppedImages/PrototypeCroppedImages_Sex_Val/105_cropped.jpg,0.5542266172574775,0.44577338274252243
105,0,-0.08250516653060913,-0.12887245416641235,/home/magali/CV4Ecology-summer-school/PrototypeCroppedImages/PrototypeCroppedImages_Sex_Val/106_cropped.jpg,0.5115897455593559,0.4884102544406442
106,0,-0.6736330986022949,-0.3450935184955597,/home/magali/CV4Ecology-summer-school/PrototypeCroppedImages/PrototypeCroppedImages_Sex_Val/107_cropped.jpg,0.41859600818582016,0.5814039918141799
107,0,-0.2005998194217682,-0.09229397028684616,/home/magali/CV4Ecology-summer-school/PrototypeCroppedImages/PrototypeCroppedImages_Sex_Val/108_cropped.jpg,0.4729499743022076,0.5270500256977925
108,0,-0.26681792736053467,-0.23637917637825012,/home/magali/CV4Ecology-summer-school/PrototypeCroppedImages/PrototypeCroppedImages_Sex_Val/109_cropped.jpg,0.4923908997424416,0.5076091002575586
109,0,-0.13268178701400757,0.15192300081253052,/home/magali/CV4Ecology-summer-school/PrototypeCroppedImages/PrototypeCroppedImages_Sex_Val/110_cropped.jpg,0.4293252143878142,0.5706747856121859
110,0,-0.2438521534204483,0.041629672050476074,/home/magali/CV4Ecology-summer-school/PrototypeCroppedImages/PrototypeCroppedImages_Sex_Val/111_cropped.jpg,0.42911034904633755,0.5708896509536624
111,0,-0.07993459701538086,-0.5739813446998596,/home/magali/CV4Ecology-summer-school/PrototypeCroppedImages/PrototypeCroppedImages_Sex_Val/112_cropped.jpg,0.6210592782605847,0.37894072173941523
112,0,-0.16960151493549347,-0.4041636288166046,/home/magali/CV4Ecology-summer-school/PrototypeCroppedImages/PrototypeCroppedImages_Sex_Val/113_cropped.jpg,0.558373135733356,0.44162686426664405
113,0,-0.13451220095157623,-0.42766377329826355,/home/magali/CV4Ecology-summer-school/PrototypeCroppedImages/PrototypeCroppedImages_Sex_Val/114_cropped.jpg,0.5727675143563697,0.42723248564363026
114,0,-0.36337241530418396,-0.06089208275079727,/home/magali/CV4Ecology-summer-school/PrototypeCroppedImages/PrototypeCroppedImages_Sex_Val/115_cropped.jpg,0.4249512575255414,0.5750487424744586
115,0,-0.1888156682252884,-0.4292445182800293,/home/magali/CV4Ecology-summer-school/PrototypeCroppedImages/PrototypeCroppedImages_Sex_Val/116_cropped.jpg,0.5598193299137891,0.4401806700862109
116,0,-0.48472294211387634,-0.25268277525901794,/home/magali/CV4Ecology-summer-school/PrototypeCroppedImages/PrototypeCroppedImages_Sex_Val/117_cropped.jpg,0.44224884891812544,0.5577511510818746
117,0,-0.3540634214878082,-0.06256813555955887,/home/magali/CV4Ecology-summer-school/PrototypeCroppedImages/PrototypeCroppedImages_Sex_Val/118_cropped.jpg,0.4276378357892577,0.5723621642107424
118,0,-0.14801648259162903,-0.4421379864215851,/home/magali/CV4Ecology-summer-school/PrototypeCroppedImages/PrototypeCroppedImages_Sex_Val/119_cropped.jpg,0.5730048445629253,0.4269951554370747
119,0,-0.19673728942871094,-0.37783342599868774,/home/magali/CV4Ecology-summer-school/PrototypeCroppedImages/PrototypeCroppedImages_Sex_Val/120_cropped.jpg,0.5451507053723679,0.4548492946276321
120,0,-0.15354113280773163,-0.22674715518951416,/home/magali/CV4Ecology-summer-school/PrototypeCroppedImages/PrototypeCroppedImages_Sex_Val/121_cropped.jpg,0.5182933366402588,0.4817066633597411
121,1,-0.04177519306540489,-0.15408772230148315,/home/magali/CV4Ecology-summer-school/PrototypeCroppedImages/PrototypeCroppedImages_Sex_Val/122_cropped.jpg,0.5280486544515259,0.4719513455484742
122,1,-0.11579741537570953,-0.10200021415948868,/home/magali/CV4Ecology-summer-school/PrototypeCroppedImages/PrototypeCroppedImages_Sex_Val/123_cropped.jpg,0.49655075441309743,0.5034492455869026
123,1,0.15635712444782257,-0.04572468250989914,/home/magali/CV4Ecology-summer-school/PrototypeCroppedImages/PrototypeCroppedImages_Sex_Val/124_cropped.jpg,0.5503492253974059,0.4496507746025941
124,1,-0.10441100597381592,0.03820116072893143,/home/magali/CV4Ecology-summer-school/PrototypeCroppedImages/PrototypeCroppedImages_Sex_Val/125_cropped.jpg,0.46440726232670343,0.5355927376732966
125,1,0.059322211891412735,-0.04584261029958725,/home/magali/CV4Ecology-summer-school/PrototypeCroppedImages/PrototypeCroppedImages_Sex_Val/126_cropped.jpg,0.5262670013776745,0.47373299862232554
126,1,0.08093734085559845,0.1605808138847351,/home/magali/CV4Ecology-summer-school/PrototypeCroppedImages/PrototypeCroppedImages_Sex_Val/127_cropped.jpg,0.4800996497615914,0.5199003502384087
127,1,0.013969266787171364,0.0971512421965599,/home/magali/CV4Ecology-summer-school/PrototypeCroppedImages/PrototypeCroppedImages_Sex_Val/128_cropped.jpg,0.4792164886096307,0.5207835113903694
128,1,0.16793577373027802,0.1570242941379547,/home/magali/CV4Ecology-summer-school/PrototypeCroppedImages/PrototypeCroppedImages_Sex_Val/129_cropped.jpg,0.5027278428332993,0.49727215716670076
129,1,-0.08911533653736115,-0.020179428160190582,/home/magali/CV4Ecology-summer-school/PrototypeCroppedImages/PrototypeCroppedImages_Sex_Val/130_cropped.jpg,0.4827728445479182,0.5172271554520819
130,1,0.044748906046152115,-0.029811538755893707,/home/magali/CV4Ecology-summer-school/PrototypeCroppedImages/PrototypeCroppedImages_Sex_Val/131_cropped.jpg,0.5186314805632027,0.4813685194367972
131,0,-0.36276042461395264,-0.332339882850647,/home/magali/CV4Ecology-summer-school/PrototypeCroppedImages/PrototypeCroppedImages_Sex_Val/132_cropped.jpg,0.492395450993532,0.5076045490064681
132,0,-0.42158520221710205,0.025187619030475616,/home/magali/CV4Ecology-summer-school/PrototypeCroppedImages/PrototypeCroppedImages_Sex_Val/133_cropped.jpg,0.39012833010897113,0.6098716698910289
133,0,0.42292165756225586,0.12765589356422424,/home/magali/CV4Ecology-summer-school/PrototypeCroppedImages/PrototypeCroppedImages_Sex_Val/134_cropped.jpg,0.5732847876171215,0.4267152123828784
134,0,0.4475494623184204,0.14722508192062378,/home/magali/CV4Ecology-summer-school/PrototypeCroppedImages/PrototypeCroppedImages_Sex_Val/135_cropped.jpg,0.5745218123805496,0.42547818761945044
135,0,-0.4571159780025482,-0.5669981837272644,/home/magali/CV4Ecology-summer-school/PrototypeCroppedImages/PrototypeCroppedImages_Sex_Val/136_cropped.jpg,0.5274429445833758,0.47255705541662424
136,0,-0.2900385856628418,-0.11635157465934753,/home/magali/CV4Ecology-summer-school/PrototypeCroppedImages/PrototypeCroppedImages_Sex_Val/137_cropped.jpg,0.4566870782597392,0.5433129217402608
137,0,-0.30337202548980713,-0.2763809561729431,/home/magali/CV4Ecology-summer-school/PrototypeCroppedImages/PrototypeCroppedImages_Sex_Val/138_cropped.jpg,0.4932526422966723,0.5067473577033276
138,0,0.39132997393608093,0.04980091005563736,/home/magali/CV4Ecology-summer-school/PrototypeCroppedImages/PrototypeCroppedImages_Sex_Val/139_cropped.jpg,0.5845619029521162,0.4154380970478838
139,0,0.4272444546222687,0.1204710528254509,/home/magali/CV4Ecology-summer-school/PrototypeCroppedImages/PrototypeCroppedImages_Sex_Val/140_cropped.jpg,0.5760974903661551,0.4239025096338448
140,0,0.19865016639232635,0.2938728928565979,/home/magali/CV4Ecology-summer-school/PrototypeCroppedImages/PrototypeCroppedImages_Sex_Val/141_cropped.jpg,0.4762122899941734,0.5237877100058266
141,0,-0.3447975218296051,-0.30055883526802063,/home/magali/CV4Ecology-summer-school/PrototypeCroppedImages/PrototypeCroppedImages_Sex_Val/142_cropped.jpg,0.48894213171137263,0.5110578682886274
142,0,-0.18775437772274017,-0.4114890396595001,/home/magali/CV4Ecology-summer-school/PrototypeCroppedImages/PrototypeCroppedImages_Sex_Val/143_cropped.jpg,0.5557015039985709,0.4442984960014291
143,0,-0.2884603440761566,-0.39832165837287903,/home/magali/CV4Ecology-summer-school/PrototypeCroppedImages/PrototypeCroppedImages_Sex_Val/144_cropped.jpg,0.5274377374570443,0.4725622625429557
144,0,-0.061525363475084305,-0.4519272744655609,/home/magali/CV4Ecology-summer-school/PrototypeCroppedImages/PrototypeCroppedImages_Sex_Val/145_cropped.jpg,0.5963794474403947,0.4036205525596053
145,0,-0.3099355101585388,-0.18050524592399597,/home/magali/CV4Ecology-summer-school/PrototypeCroppedImages/PrototypeCroppedImages_Sex_Val/146_cropped.jpg,0.46768753008039066,0.5323124699196093
146,0,-0.07646545767784119,-0.4773499667644501,/home/magali/CV4Ecology-summer-school/PrototypeCroppedImages/PrototypeCroppedImages_Sex_Val/147_cropped.jpg,0.5989001543627108,0.4010998456372893
147,0,-0.6517286896705627,-0.37503841519355774,/home/magali/CV4Ecology-summer-school/PrototypeCroppedImages/PrototypeCroppedImages_Sex_Val/148_cropped.jpg,0.4312653854418135,0.5687346145581866
148,0,-0.42613449692726135,-0.26464536786079407,/home/magali/CV4Ecology-summer-school/PrototypeCroppedImages/PrototypeCroppedImages_Sex_Val/149_cropped.jpg,0.45971522770917433,0.5402847722908255
149,0,0.10270333290100098,-0.01040678471326828,/home/magali/CV4Ecology-summer-school/PrototypeCroppedImages/PrototypeCroppedImages_Sex_Val/150_cropped.jpg,0.5282474196045804,0.4717525803954197
150,0,-0.272538423538208,-0.11120329052209854,/home/magali/CV4Ecology-summer-school/PrototypeCroppedImages/PrototypeCroppedImages_Sex_Val/151_cropped.jpg,0.459753477044502,0.540246522955498
151,1,-1.0213453769683838,-0.3590643107891083,/home/magali/CV4Ecology-summer-school/PrototypeCroppedImages/PrototypeCroppedImages_Sex_Val/152_cropped.jpg,0.34022738797732865,0.6597726120226713
152,1,-1.021553874015808,-0.4121755063533783,/home/magali/CV4Ecology-summer-school/PrototypeCroppedImages/PrototypeCroppedImages_Sex_Val/153_cropped.jpg,0.3522010136969376,0.6477989863030624
153,1,-1.0454314947128296,-0.5936470031738281,/home/magali/CV4Ecology-summer-school/PrototypeCroppedImages/PrototypeCroppedImages_Sex_Val/154_cropped.jpg,0.38893657106190527,0.6110634289380946
154,1,-0.37393102049827576,0.0186954066157341,/home/magali/CV4Ecology-summer-school/PrototypeCroppedImages/PrototypeCroppedImages_Sex_Val/155_cropped.jpg,0.4030852020529436,0.5969147979470564
155,1,-0.6734635233879089,-0.04817736893892288,/home/magali/CV4Ecology-summer-school/PrototypeCroppedImages/PrototypeCroppedImages_Sex_Val/156_cropped.jpg,0.34858015484705346,0.6514198451529465
156,1,-0.5342010855674744,-0.09312598407268524,/home/magali/CV4Ecology-summer-school/PrototypeCroppedImages/PrototypeCroppedImages_Sex_Val/157_cropped.jpg,0.3914848239256623,0.6085151760743378
157,1,-0.4019135534763336,-0.16478198766708374,/home/magali/CV4Ecology-summer-school/PrototypeCroppedImages/PrototypeCroppedImages_Sex_Val/158_cropped.jpg,0.44099335186128874,0.5590066481387111
158,1,-0.5243452787399292,-0.15670189261436462,/home/magali/CV4Ecology-summer-school/PrototypeCroppedImages/PrototypeCroppedImages_Sex_Val/159_cropped.jpg,0.4091105850587439,0.590889414941256
159,1,-1.1422406435012817,-0.35404297709465027,/home/magali/CV4Ecology-summer-school/PrototypeCroppedImages/PrototypeCroppedImages_Sex_Val/160_cropped.jpg,0.3125557963402677,0.6874442036597324
160,1,-0.9794631004333496,-0.4579121172428131,/home/magali/CV4Ecology-summer-school/PrototypeCroppedImages/PrototypeCroppedImages_Sex_Val/161_cropped.jpg,0.3724896335223233,0.6275103664776768
161,0,-0.39401862025260925,-0.4043121635913849,/home/magali/CV4Ecology-summer-school/PrototypeCroppedImages/PrototypeCroppedImages_Sex_Val/162_cropped.jpg,0.5025733631125737,0.49742663688742633
162,0,-0.9905786514282227,-0.612483561038971,/home/magali/CV4Ecology-summer-school/PrototypeCroppedImages/PrototypeCroppedImages_Sex_Val/163_cropped.jpg,0.406586420134165,0.593413579865835
163,0,-0.5031457543373108,-0.4290308654308319,/home/magali/CV4Ecology-summer-school/PrototypeCroppedImages/PrototypeCroppedImages_Sex_Val/164_cropped.jpg,0.48147975466551374,0.5185202453344864
164,0,-0.7278510332107544,-0.3389669954776764,/home/magali/CV4Ecology-summer-school/PrototypeCroppedImages/PrototypeCroppedImages_Sex_Val/165_cropped.jpg,0.4039859747405755,0.5960140252594245
165,0,-0.6707432866096497,-0.23311150074005127,/home/magali/CV4Ecology-summer-school/PrototypeCroppedImages/PrototypeCroppedImages_Sex_Val/166_cropped.jpg,0.39230541172274647,0.6076945882772535
166,0,-0.7023068070411682,-0.3570527732372284,/home/magali/CV4Ecology-summer-school/PrototypeCroppedImages/PrototypeCroppedImages_Sex_Val/167_cropped.jpg,0.4145337766649422,0.5854662233350579
167,0,-0.7382057905197144,-0.5225406289100647,/home/magali/CV4Ecology-summer-school/PrototypeCroppedImages/PrototypeCroppedImages_Sex_Val/168_cropped.jpg,0.44629171929168115,0.5537082807083189
168,0,-0.43988659977912903,-0.5291136503219604,/home/magali/CV4Ecology-summer-school/PrototypeCroppedImages/PrototypeCroppedImages_Sex_Val/169_cropped.jpg,0.522291974863454,0.47770802513654587
169,0,-0.6135151386260986,-0.35015496611595154,/home/magali/CV4Ecology-summer-school/PrototypeCroppedImages/PrototypeCroppedImages_Sex_Val/170_cropped.jpg,0.434537883504018,0.5654621164959819
170,0,-0.42630234360694885,0.07685979455709457,/home/magali/CV4Ecology-summer-school/PrototypeCroppedImages/PrototypeCroppedImages_Sex_Val/171_cropped.jpg,0.37679784285702667,0.6232021571429733
171,0,-0.6637736558914185,-0.08035800606012344,/home/magali/CV4Ecology-summer-school/PrototypeCroppedImages/PrototypeCroppedImages_Sex_Val/172_cropped.jpg,0.3581470319601771,0.641852968039823
172,0,-0.8915695548057556,-0.5018702149391174,/home/magali/CV4Ecology-summer-school/PrototypeCroppedImages/PrototypeCroppedImages_Sex_Val/173_cropped.jpg,0.4037896806041596,0.5962103193958403
173,0,-0.7390984892845154,-0.5101202726364136,/home/magali/CV4Ecology-summer-school/PrototypeCroppedImages/PrototypeCroppedImages_Sex_Val/174_cropped.jpg,0.44300425725694087,0.5569957427430592
174,0,-0.49241888523101807,-0.45156624913215637,/home/magali/CV4Ecology-summer-school/PrototypeCroppedImages/PrototypeCroppedImages_Sex_Val/175_cropped.jpg,0.4897882611655919,0.5102117388344083
175,0,-0.767137885093689,-0.4814167320728302,/home/magali/CV4Ecology-summer-school/PrototypeCroppedImages/PrototypeCroppedImages_Sex_Val/176_cropped.jpg,0.4290517208567457,0.5709482791432544
176,0,-0.6163971424102783,-0.38815006613731384,/home/magali/CV4Ecology-summer-school/PrototypeCroppedImages/PrototypeCroppedImages_Sex_Val/177_cropped.jpg,0.44318467474077566,0.5568153252592243
177,0,-0.8573735952377319,0.18308007717132568,/home/magali/CV4Ecology-summer-school/PrototypeCroppedImages/PrototypeCroppedImages_Sex_Val/178_cropped.jpg,0.2610624670042663,0.7389375329957338
178,0,-0.5062088966369629,0.07321234792470932,/home/magali/CV4Ecology-summer-school/PrototypeCroppedImages/PrototypeCroppedImages_Sex_Val/179_cropped.jpg,0.3590657761537139,0.6409342238462862
179,1,-0.7671423554420471,-0.1458643674850464,/home/magali/CV4Ecology-summer-school/PrototypeCroppedImages/PrototypeCroppedImages_Sex_Val/180_cropped.jpg,0.34949084884643794,0.6505091511535621
180,1,-0.8037328124046326,-0.5766153335571289,/home/magali/CV4Ecology-summer-school/PrototypeCroppedImages/PrototypeCroppedImages_Sex_Val/181_cropped.jpg,0.44346344563934603,0.5565365543606539
181,1,-0.30456453561782837,-0.4342339336872101,/home/magali/CV4Ecology-summer-school/PrototypeCroppedImages/PrototypeCroppedImages_Sex_Val/182_cropped.jpg,0.5323720032394095,0.46762799676059047
182,1,-0.7125475406646729,-0.507903516292572,/home/magali/CV4Ecology-summer-school/PrototypeCroppedImages/PrototypeCroppedImages_Sex_Val/183_cropped.jpg,0.44901679771760233,0.5509832022823976
183,1,-0.5577940344810486,-0.49113205075263977,/home/magali/CV4Ecology-summer-school/PrototypeCroppedImages/PrototypeCroppedImages_Sex_Val/184_cropped.jpg,0.48334067286539106,0.5166593271346089
184,1,-0.6390270590782166,-0.48046186566352844,/home/magali/CV4Ecology-summer-school/PrototypeCroppedImages/PrototypeCroppedImages_Sex_Val/185_cropped.jpg,0.4604415515117617,0.5395584484882383
185,1,-0.8635077476501465,-0.20166656374931335,/home/magali/CV4Ecology-summer-school/PrototypeCroppedImages/PrototypeCroppedImages_Sex_Val/186_cropped.jpg,0.34032613648409354,0.6596738635159064
186,1,-1.1243867874145508,-0.4637090265750885,/home/magali/CV4Ecology-summer-school/PrototypeCroppedImages/PrototypeCroppedImages_Sex_Val/187_cropped.jpg,0.3405873784154145,0.6594126215845855
187,1,-0.4095352292060852,-0.4384048283100128,/home/magali/CV4Ecology-summer-school/PrototypeCroppedImages/PrototypeCroppedImages_Sex_Val/188_cropped.jpg,0.507216898537014,0.49278310146298604
188,1,-0.6834319829940796,-0.5368512868881226,/home/magali/CV4Ecology-summer-school/PrototypeCroppedImages/PrototypeCroppedImages_Sex_Val/189_cropped.jpg,0.46342029818432356,0.5365797018156764
189,0,-0.5468176603317261,-0.2536609172821045,/home/magali/CV4Ecology-summer-school/PrototypeCroppedImages/PrototypeCroppedImages_Sex_Val/190_cropped.jpg,0.4272312203478196,0.5727687796521805
190,0,-0.42337766289711,-0.29487746953964233,/home/magali/CV4Ecology-summer-school/PrototypeCroppedImages/PrototypeCroppedImages_Sex_Val/191_cropped.jpg,0.46791908365880636,0.5320809163411936
191,0,-0.44129204750061035,-0.06109210103750229,/home/magali/CV4Ecology-summer-school/PrototypeCroppedImages/PrototypeCroppedImages_Sex_Val/192_cropped.jpg,0.4060786733154964,0.5939213266845035
192,0,-0.3552815318107605,-0.3720390498638153,/home/magali/CV4Ecology-summer-school/PrototypeCroppedImages/PrototypeCroppedImages_Sex_Val/193_cropped.jpg,0.5041892814795048,0.4958107185204952
193,0,-0.7598450779914856,-0.4234715402126312,/home/magali/CV4Ecology-summer-school/PrototypeCroppedImages/PrototypeCroppedImages_Sex_Val/194_cropped.jpg,0.41669065616592066,0.5833093438340793
194,0,-0.6509501338005066,-0.1449601650238037,/home/magali/CV4Ecology-summer-school/PrototypeCroppedImages/PrototypeCroppedImages_Sex_Val/195_cropped.jpg,0.3761340399065076,0.6238659600934925
195,0,-1.284204125404358,-0.5718532204627991,/home/magali/CV4Ecology-summer-school/PrototypeCroppedImages/PrototypeCroppedImages_Sex_Val/196_cropped.jpg,0.3290795843884278,0.6709204156115722
196,0,-0.08043815195560455,-0.26344743371009827,/home/magali/CV4Ecology-summer-school/PrototypeCroppedImages/PrototypeCroppedImages_Sex_Val/197_cropped.jpg,0.5456250504385958,0.45437494956140423
197,0,-0.3478979468345642,-0.3378729522228241,/home/magali/CV4Ecology-summer-school/PrototypeCroppedImages/PrototypeCroppedImages_Sex_Val/198_cropped.jpg,0.4974937723367944,0.5025062276632055
198,0,-0.721085786819458,-0.42349007725715637,/home/magali/CV4Ecology-summer-school/PrototypeCroppedImages/PrototypeCroppedImages_Sex_Val/199_cropped.jpg,0.4261453369012744,0.5738546630987256
199,1,-0.6083351969718933,-0.36977458000183105,/home/magali/CV4Ecology-summer-school/PrototypeCroppedImages/PrototypeCroppedImages_Sex_Val/200_cropped.jpg,0.4406410944828319,0.559358905517168
200,1,-0.2864810824394226,-0.45059776306152344,/home/magali/CV4Ecology-summer-school/PrototypeCroppedImages/PrototypeCroppedImages_Sex_Val/201_cropped.jpg,0.540937326575338,0.4590626734246621
201,1,-0.003982562571763992,-0.3024861812591553,/home/magali/CV4Ecology-summer-school/PrototypeCroppedImages/PrototypeCroppedImages_Sex_Val/202_cropped.jpg,0.5740766732776805,0.4259233267223196
202,1,-0.29040250182151794,-0.5784164071083069,/home/magali/CV4Ecology-summer-school/PrototypeCroppedImages/PrototypeCroppedImages_Sex_Val/203_cropped.jpg,0.5715098346857795,0.4284901653142204
203,1,-0.4041211009025574,-0.09127630293369293,/home/magali/CV4Ecology-summer-school/PrototypeCroppedImages/PrototypeCroppedImages_Sex_Val/204_cropped.jpg,0.42242050826579386,0.5775794917342061
204,1,-0.3188363313674927,-0.5584500432014465,/home/magali/CV4Ecology-summer-school/PrototypeCroppedImages/PrototypeCroppedImages_Sex_Val/205_cropped.jpg,0.5596184524263947,0.44038154757360537
205,1,-0.13415472209453583,-0.399096816778183,/home/magali/CV4Ecology-summer-school/PrototypeCroppedImages/PrototypeCroppedImages_Sex_Val/206_cropped.jpg,0.5658507777169062,0.4341492222830937
206,1,0.15035773813724518,-0.8615522980690002,/home/magali/CV4Ecology-summer-school/PrototypeCroppedImages/PrototypeCroppedImages_Sex_Val/207_cropped.jpg,0.7333937799916546,0.2666062200083454
207,1,0.01274077221751213,-0.1212199255824089,/home/magali/CV4Ecology-summer-school/PrototypeCroppedImages/PrototypeCroppedImages_Sex_Val/208_cropped.jpg,0.5334401810907816,0.4665598189092184
208,1,0.024726446717977524,-0.6388516426086426,/home/magali/CV4Ecology-summer-school/PrototypeCroppedImages/PrototypeCroppedImages_Sex_Val/209_cropped.jpg,0.6600636979644724,0.3399363020355276
209,1,-1.006503939628601,-0.4669557809829712,/home/magali/CV4Ecology-summer-school/PrototypeCroppedImages/PrototypeCroppedImages_Sex_Val/210_cropped.jpg,0.36829269833753975,0.6317073016624604
210,1,-0.8711727857589722,0.24755284190177917,/home/magali/CV4Ecology-summer-school/PrototypeCroppedImages/PrototypeCroppedImages_Sex_Val/211_cropped.jpg,0.24624774303892702,0.753752256961073
211,1,-0.6887035369873047,0.06965526193380356,/home/magali/CV4Ecology-summer-school/PrototypeCroppedImages/PrototypeCroppedImages_Sex_Val/212_cropped.jpg,0.3190026947349647,0.6809973052650354
212,1,-0.7306409478187561,0.3928024172782898,/home/magali/CV4Ecology-summer-school/PrototypeCroppedImages/PrototypeCroppedImages_Sex_Val/213_cropped.jpg,0.2453731334235528,0.7546268665764473
213,1,-1.0223641395568848,-0.6334244608879089,/home/magali/CV4Ecology-summer-school/PrototypeCroppedImages/PrototypeCroppedImages_Sex_Val/214_cropped.jpg,0.40397257751488547,0.5960274224851144
214,0,-0.28073644638061523,-0.3143942952156067,/home/magali/CV4Ecology-summer-school/PrototypeCroppedImages/PrototypeCroppedImages_Sex_Val/215_cropped.jpg,0.5084136679378813,0.49158633206211866
215,0,-0.5044000148773193,0.17183512449264526,/home/magali/CV4Ecology-summer-school/PrototypeCroppedImages/PrototypeCroppedImages_Sex_Val/216_cropped.jpg,0.33710209779835554,0.6628979022016445
216,0,-1.2754970788955688,0.0535871684551239,/home/magali/CV4Ecology-summer-school/PrototypeCroppedImages/PrototypeCroppedImages_Sex_Val/217_cropped.jpg,0.20931088178264606,0.790689118217354
217,0,-0.9300405979156494,-0.2195717990398407,/home/magali/CV4Ecology-summer-school/PrototypeCroppedImages/PrototypeCroppedImages_Sex_Val/218_cropped.jpg,0.3294952610528441,0.670504738947156
218,0,-0.47840508818626404,-0.32814159989356995,/home/magali/CV4Ecology-summer-school/PrototypeCroppedImages/PrototypeCroppedImages_Sex_Val/219_cropped.jpg,0.46250465237479943,0.5374953476252007
219,0,-0.26054513454437256,-0.27602535486221313,/home/magali/CV4Ecology-summer-school/PrototypeCroppedImages/PrototypeCroppedImages_Sex_Val/220_cropped.jpg,0.5038699777972084,0.4961300222027916
220,0,-0.2684558033943176,-0.33909937739372253,/home/magali/CV4Ecology-summer-school/PrototypeCroppedImages/PrototypeCroppedImages_Sex_Val/221_cropped.jpg,0.5176535524179128,0.48234644758208717
221,0,-0.17538051307201385,-0.3679238557815552,/home/magali/CV4Ecology-summer-school/PrototypeCroppedImages/PrototypeCroppedImages_Sex_Val/222_cropped.jpg,0.5479876735261896,0.45201232647381034
222,0,-0.6972473859786987,-0.9711541533470154,/home/magali/CV4Ecology-summer-school/PrototypeCroppedImages/PrototypeCroppedImages_Sex_Val/223_cropped.jpg,0.5680517581080385,0.4319482418919615
223,0,-0.48001205921173096,-0.22671741247177124,/home/magali/CV4Ecology-summer-school/PrototypeCroppedImages/PrototypeCroppedImages_Sex_Val/224_cropped.jpg,0.43701274107775934,0.5629872589222406
224,0,-0.02446087822318077,-0.6904994249343872,/home/magali/CV4Ecology-summer-school/PrototypeCroppedImages/PrototypeCroppedImages_Sex_Val/225_cropped.jpg,0.6606155568223009,0.33938444317769917
225,0,-0.6474676132202148,-0.7637216448783875,/home/magali/CV4Ecology-summer-school/PrototypeCroppedImages/PrototypeCroppedImages_Sex_Val/226_cropped.jpg,0.5290308193169814,0.4709691806830187
226,0,-0.7317407131195068,-0.5771157145500183,/home/magali/CV4Ecology-summer-school/PrototypeCroppedImages/PrototypeCroppedImages_Sex_Val/227_cropped.jpg,0.4614205856604711,0.5385794143395289
227,0,-0.2872582674026489,-0.5510871410369873,/home/magali/CV4Ecology-summer-school/PrototypeCroppedImages/PrototypeCroppedImages_Sex_Val/228_cropped.jpg,0.5655772797218348,0.43442272027816525
228,0,-0.13294893503189087,-0.20293661952018738,/home/magali/CV4Ecology-summer-school/PrototypeCroppedImages/PrototypeCroppedImages_Sex_Val/229_cropped.jpg,0.5174897825563488,0.48251021744365113
229,0,-0.19739636778831482,-0.3319980204105377,/home/magali/CV4Ecology-summer-school/PrototypeCroppedImages/PrototypeCroppedImages_Sex_Val/230_cropped.jpg,0.5335996996268509,0.466400300373149
230,0,-0.5853266716003418,-0.36424916982650757,/home/magali/CV4Ecology-summer-school/PrototypeCroppedImages/PrototypeCroppedImages_Sex_Val/231_cropped.jpg,0.4449546385122888,0.5550453614877113
231,0,-1.055989384651184,-0.2202760875225067,/home/magali/CV4Ecology-summer-school/PrototypeCroppedImages/PrototypeCroppedImages_Sex_Val/232_cropped.jpg,0.3024383805293996,0.6975616194706005
232,0,-1.2638944387435913,-0.6511387825012207,/home/magali/CV4Ecology-summer-school/PrototypeCroppedImages/PrototypeCroppedImages_Sex_Val/233_cropped.jpg,0.3514308520344249,0.648569147965575
233,0,-1.6360814571380615,-0.22074037790298462,/home/magali/CV4Ecology-summer-school/PrototypeCroppedImages/PrototypeCroppedImages_Sex_Val/234_cropped.jpg,0.19539299452921424,0.8046070054707857
234,0,-0.17003683745861053,-0.00998670607805252,/home/magali/CV4Ecology-summer-school/PrototypeCroppedImages/PrototypeCroppedImages_Sex_Val/235_cropped.jpg,0.4600726624934313,0.5399273375065686
235,0,-0.4692118465900421,0.023575730621814728,/home/magali/CV4Ecology-summer-school/PrototypeCroppedImages/PrototypeCroppedImages_Sex_Val/236_cropped.jpg,0.3792371059149741,0.6207628940850259
236,0,-0.4713039696216583,-0.10152552276849747,/home/magali/CV4Ecology-summer-school/PrototypeCroppedImages/PrototypeCroppedImages_Sex_Val/237_cropped.jpg,0.408594557702996,0.591405442297004
237,0,-0.5577855706214905,-0.3266104757785797,/home/magali/CV4Ecology-summer-school/PrototypeCroppedImages/PrototypeCroppedImages_Sex_Val/238_cropped.jpg,0.44246224238446913,0.5575377576155309
238,0,0.14911140501499176,-0.150784432888031,/home/magali/CV4Ecology-summer-school/PrototypeCroppedImages/PrototypeCroppedImages_Sex_Val/239_cropped.jpg,0.5744170533238666,0.42558294667613333
239,0,-0.2313353419303894,0.08616728335618973,/home/magali/CV4Ecology-summer-school/PrototypeCroppedImages/PrototypeCroppedImages_Sex_Val/240_cropped.jpg,0.4212844974847067,0.5787155025152931
240,0,0.5578821301460266,0.04764902591705322,/home/magali/CV4Ecology-summer-school/PrototypeCroppedImages/PrototypeCroppedImages_Sex_Val/241_cropped.jpg,0.6248611179512839,0.3751388820487161
241,0,0.39763861894607544,-0.02502898871898651,/home/magali/CV4Ecology-summer-school/PrototypeCroppedImages/PrototypeCroppedImages_Sex_Val/242_cropped.jpg,0.6041214084055408,0.39587859159445926
242,0,0.07054683566093445,-0.253252238035202,/home/magali/CV4Ecology-summer-school/PrototypeCroppedImages/PrototypeCroppedImages_Sex_Val/243_cropped.jpg,0.5802498354750683,0.41975016452493175
243,0,-0.40243273973464966,-0.20816555619239807,/home/magali/CV4Ecology-summer-school/PrototypeCroppedImages/PrototypeCroppedImages_Sex_Val/244_cropped.jpg,0.4515853713800638,0.5484146286199362
244,0,-0.33259081840515137,0.029843568801879883,/home/magali/CV4Ecology-summer-school/PrototypeCroppedImages/PrototypeCroppedImages_Sex_Val/245_cropped.jpg,0.4103703974440221,0.589629602555978
245,0,-0.8005071878433228,-0.11827703565359116,/home/magali/CV4Ecology-summer-school/PrototypeCroppedImages/PrototypeCroppedImages_Sex_Val/246_cropped.jpg,0.3357637376317151,0.6642362623682849
246,0,0.33865731954574585,-0.11382240802049637,/home/magali/CV4Ecology-summer-school/PrototypeCroppedImages/PrototypeCroppedImages_Sex_Val/247_cropped.jpg,0.6112286493850407,0.3887713506149591
247,0,0.3488154113292694,-0.0035731270909309387,/home/magali/CV4Ecology-summer-school/PrototypeCroppedImages/PrototypeCroppedImages_Sex_Val/248_cropped.jpg,0.5871966731783502,0.4128033268216498
248,0,0.3675715923309326,-0.03281895071268082,/home/magali/CV4Ecology-summer-school/PrototypeCroppedImages/PrototypeCroppedImages_Sex_Val/249_cropped.jpg,0.598781488657843,0.40121851134215686
249,0,0.4158940613269806,-0.06849464029073715,/home/magali/CV4Ecology-summer-school/PrototypeCroppedImages/PrototypeCroppedImages_Sex_Val/250_cropped.jpg,0.6187836658297524,0.3812163341702474
250,0,-0.4615800380706787,-0.44173333048820496,/home/magali/CV4Ecology-summer-school/PrototypeCroppedImages/PrototypeCroppedImages_Sex_Val/251_cropped.jpg,0.49503848596162114,0.5049615140383789
251,0,-0.3651655614376068,-0.5371886491775513,/home/magali/CV4Ecology-summer-school/PrototypeCroppedImages/PrototypeCroppedImages_Sex_Val/252_cropped.jpg,0.5429000327983192,0.4570999672016809
252,0,-0.5580986738204956,-0.33064785599708557,/home/magali/CV4Ecology-summer-school/PrototypeCroppedImages/PrototypeCroppedImages_Sex_Val/253_cropped.jpg,0.4433811779252307,0.5566188220747693
253,0,-0.5483548641204834,-0.45588594675064087,/home/magali/CV4Ecology-summer-school/PrototypeCroppedImages/PrototypeCroppedImages_Sex_Val/254_cropped.jpg,0.47689922857577205,0.5231007714242281
254,0,-0.6612921357154846,-0.6036984920501709,/home/magali/CV4Ecology-summer-school/PrototypeCroppedImages/PrototypeCroppedImages_Sex_Val/255_cropped.jpg,0.4856055677580353,0.5143944322419647
255,0,-0.7425870299339294,-0.6134067177772522,/home/magali/CV4Ecology-summer-school/PrototypeCroppedImages/PrototypeCroppedImages_Sex_Val/256_cropped.jpg,0.4677497576282254,0.5322502423717747
256,0,-0.2439315915107727,-0.3301026225090027,/home/magali/CV4Ecology-summer-school/PrototypeCroppedImages/PrototypeCroppedImages_Sex_Val/257_cropped.jpg,0.5215294372574532,0.47847056274254685
257,0,-0.3735254406929016,-0.41705888509750366,/home/magali/CV4Ecology-summer-school/PrototypeCroppedImages/PrototypeCroppedImages_Sex_Val/258_cropped.jpg,0.5108816426169025,0.4891183573830975
258,0,-0.7517486214637756,-0.6104750037193298,/home/magali/CV4Ecology-summer-school/PrototypeCroppedImages/PrototypeCroppedImages_Sex_Val/259_cropped.jpg,0.46474021964818035,0.5352597803518198
259,0,-0.8565523624420166,-0.586327075958252,/home/magali/CV4Ecology-summer-school/PrototypeCroppedImages/PrototypeCroppedImages_Sex_Val/260_cropped.jpg,0.43285178836742694,0.567148211632573
260,0,-0.8310781717300415,-0.6960143446922302,/home/magali/CV4Ecology-summer-school/PrototypeCroppedImages/PrototypeCroppedImages_Sex_Val/261_cropped.jpg,0.46628528032453587,0.5337147196754641
261,0,-0.6283063292503357,-0.4277622103691101,/home/magali/CV4Ecology-summer-school/PrototypeCroppedImages/PrototypeCroppedImages_Sex_Val/262_cropped.jpg,0.45003132790200623,0.5499686720979938
262,0,-0.6879811882972717,-0.4058355391025543,/home/magali/CV4Ecology-summer-school/PrototypeCroppedImages/PrototypeCroppedImages_Sex_Val/263_cropped.jpg,0.42992782026062304,0.5700721797393771
263,0,-0.645220160484314,-0.1176619753241539,/home/magali/CV4Ecology-summer-school/PrototypeCroppedImages/PrototypeCroppedImages_Sex_Val/264_cropped.jpg,0.37108658241641435,0.6289134175835857
264,0,-0.30620095133781433,-0.10768885165452957,/home/magali/CV4Ecology-summer-school/PrototypeCroppedImages/PrototypeCroppedImages_Sex_Val/265_cropped.jpg,0.45053430991575627,0.5494656900842438
265,0,-0.44042062759399414,-0.30484738945961,/home/magali/CV4Ecology-summer-school/PrototypeCroppedImages/PrototypeCroppedImages_Sex_Val/266_cropped.jpg,0.46615850876897996,0.53384149123102
266,0,-0.4385982155799866,0.1679379940032959,/home/magali/CV4Ecology-summer-school/PrototypeCroppedImages/PrototypeCroppedImages_Sex_Val/267_cropped.jpg,0.35284973965225236,0.6471502603477476
267,0,-0.5080000162124634,0.020831279456615448,/home/magali/CV4Ecology-summer-school/PrototypeCroppedImages/PrototypeCroppedImages_Sex_Val/268_cropped.jpg,0.3707895109874221,0.6292104890125778
268,0,-0.6423196792602539,-0.2726154625415802,/home/magali/CV4Ecology-summer-school/PrototypeCroppedImages/PrototypeCroppedImages_Sex_Val/269_cropped.jpg,0.4086124951688914,0.5913875048311086
269,0,-0.46445944905281067,0.101112000644207,/home/magali/CV4Ecology-summer-school/PrototypeCroppedImages/PrototypeCroppedImages_Sex_Val/270_cropped.jpg,0.362259316392053,0.637740683607947
270,1,-0.676254153251648,-0.47618427872657776,/home/magali/CV4Ecology-summer-school/PrototypeCroppedImages/PrototypeCroppedImages_Sex_Val/271_cropped.jpg,0.4501487076447874,0.5498512923552126
271,1,-0.7173798084259033,-0.7089187502861023,/home/magali/CV4Ecology-summer-school/PrototypeCroppedImages/PrototypeCroppedImages_Sex_Val/272_cropped.jpg,0.49788474808418776,0.5021152519158122
272,1,-1.0292786359786987,-0.8814207315444946,/home/magali/CV4Ecology-summer-school/PrototypeCroppedImages/PrototypeCroppedImages_Sex_Val/273_cropped.jpg,0.4631027199826584,0.5368972800173417
273,1,-0.7203398942947388,-0.6139726638793945,/home/magali/CV4Ecology-summer-school/PrototypeCroppedImages/PrototypeCroppedImages_Sex_Val/274_cropped.jpg,0.473433235677967,0.5265667643220331
274,1,-0.4890788793563843,-0.6179762482643127,/home/magali/CV4Ecology-summer-school/PrototypeCroppedImages/PrototypeCroppedImages_Sex_Val/275_cropped.jpg,0.5321798002003593,0.4678201997996407
275,1,-0.7304372191429138,-0.5945525169372559,/home/magali/CV4Ecology-summer-school/PrototypeCroppedImages/PrototypeCroppedImages_Sex_Val/276_cropped.jpg,0.46608100027190585,0.5339189997280942
276,1,-1.027264952659607,-1.2525267601013184,/home/magali/CV4Ecology-summer-school/PrototypeCroppedImages/PrototypeCroppedImages_Sex_Val/277_cropped.jpg,0.5560785200214045,0.4439214799785954
277,1,-0.6262285113334656,-0.2340274453163147,/home/magali/CV4Ecology-summer-school/PrototypeCroppedImages/PrototypeCroppedImages_Sex_Val/278_cropped.jpg,0.4031875513500703,0.5968124486499298
278,1,-0.6483019590377808,-0.8017012476921082,/home/magali/CV4Ecology-summer-school/PrototypeCroppedImages/PrototypeCroppedImages_Sex_Val/279_cropped.jpg,0.538274796805725,0.4617252031942749
279,1,-0.633147656917572,-0.9026166796684265,/home/magali/CV4Ecology-summer-school/PrototypeCroppedImages/PrototypeCroppedImages_Sex_Val/280_cropped.jpg,0.5669625461839555,0.4330374538160444
280,0,-0.7237252593040466,-0.06136099249124527,/home/magali/CV4Ecology-summer-school/PrototypeCroppedImages/PrototypeCroppedImages_Sex_Val/281_cropped.jpg,0.34020871195371827,0.6597912880462816
281,0,-0.9645397663116455,-0.1497637927532196,/home/magali/CV4Ecology-summer-school/PrototypeCroppedImages/PrototypeCroppedImages_Sex_Val/282_cropped.jpg,0.3068736995364689,0.6931263004635311
282,0,-0.8306043148040771,-0.12168409675359726,/home/magali/CV4Ecology-summer-school/PrototypeCroppedImages/PrototypeCroppedImages_Sex_Val/283_cropped.jpg,0.32983747641520855,0.6701625235847914
283,0,-0.8584349751472473,-0.25872933864593506,/home/magali/CV4Ecology-summer-school/PrototypeCroppedImages/PrototypeCroppedImages_Sex_Val/284_cropped.jpg,0.3544110423908162,0.6455889576091838
284,0,-0.6053298711776733,-0.22039282321929932,/home/magali/CV4Ecology-summer-school/PrototypeCroppedImages/PrototypeCroppedImages_Sex_Val/285_cropped.jpg,0.4049366951538794,0.5950633048461206
285,0,-0.8277537822723389,-0.24063488841056824,/home/magali/CV4Ecology-summer-school/PrototypeCroppedImages/PrototypeCroppedImages_Sex_Val/286_cropped.jpg,0.3572961865438217,0.6427038134561782
286,0,-1.4093106985092163,-0.5919635891914368,/home/magali/CV4Ecology-summer-school/PrototypeCroppedImages/PrototypeCroppedImages_Sex_Val/287_cropped.jpg,0.3063270849462554,0.6936729150537447
287,0,-1.1942486763000488,-0.22490158677101135,/home/magali/CV4Ecology-summer-school/PrototypeCroppedImages/PrototypeCroppedImages_Sex_Val/288_cropped.jpg,0.2750106602427689,0.7249893397572312
288,0,-1.3694202899932861,-0.37616467475891113,/home/magali/CV4Ecology-summer-school/PrototypeCroppedImages/PrototypeCroppedImages_Sex_Val/289_cropped.jpg,0.27026951249116943,0.7297304875088306
289,0,-1.0168230533599854,-0.025853294879198074,/home/magali/CV4Ecology-summer-school/PrototypeCroppedImages/PrototypeCroppedImages_Sex_Val/290_cropped.jpg,0.2707205747524248,0.7292794252475752
290,0,-1.2280076742172241,-0.20461875200271606,/home/magali/CV4Ecology-summer-school/PrototypeCroppedImages/PrototypeCroppedImages_Sex_Val/291_cropped.jpg,0.26436780543770294,0.735632194562297
291,1,0.13144007325172424,-0.163180410861969,/home/magali/CV4Ecology-summer-school/PrototypeCroppedImages/PrototypeCroppedImages_Sex_Val/292_cropped.jpg,0.5731269257652797,0.4268730742347203
292,1,-0.19321201741695404,-0.3402581810951233,/home/magali/CV4Ecology-summer-school/PrototypeCroppedImages/PrototypeCroppedImages_Sex_Val/293_cropped.jpg,0.5366954439056094,0.4633045560943905
293,1,0.1045328676700592,-0.27817124128341675,/home/magali/CV4Ecology-summer-school/PrototypeCroppedImages/PrototypeCroppedImages_Sex_Val/294_cropped.jpg,0.5945251352220192,0.4054748647779808
294,1,0.2272367626428604,-0.19517076015472412,/home/magali/CV4Ecology-summer-school/PrototypeCroppedImages/PrototypeCroppedImages_Sex_Val/295_cropped.jpg,0.604059205154203,0.395940794845797
295,1,-0.6484873294830322,-0.06569988280534744,/home/magali/CV4Ecology-summer-school/PrototypeCroppedImages/PrototypeCroppedImages_Sex_Val/296_cropped.jpg,0.35829145474365987,0.6417085452563401
296,1,-0.4459836483001709,-0.14009368419647217,/home/magali/CV4Ecology-summer-school/PrototypeCroppedImages/PrototypeCroppedImages_Sex_Val/297_cropped.jpg,0.4241182677121799,0.5758817322878201
297,1,-0.7510586977005005,0.10533186048269272,/home/magali/CV4Ecology-summer-school/PrototypeCroppedImages/PrototypeCroppedImages_Sex_Val/298_cropped.jpg,0.29809401270791436,0.7019059872920856
298,1,-0.4633760452270508,-0.37576547265052795,/home/magali/CV4Ecology-summer-school/PrototypeCroppedImages/PrototypeCroppedImages_Sex_Val/299_cropped.jpg,0.4781113557942504,0.5218886442057497
299,1,-0.9457410573959351,-0.11827819794416428,/home/magali/CV4Ecology-summer-school/PrototypeCroppedImages/PrototypeCroppedImages_Sex_Val/300_cropped.jpg,0.3041818023049467,0.6958181976950534
300,1,-0.682179868221283,-0.2680646777153015,/home/magali/CV4Ecology-summer-school/PrototypeCroppedImages/PrototypeCroppedImages_Sex_Val/301_cropped.jpg,0.397925787368919,0.602074212631081
301,1,-0.7732117176055908,0.023735828697681427,/home/magali/CV4Ecology-summer-school/PrototypeCroppedImages/PrototypeCroppedImages_Sex_Val/302_cropped.jpg,0.3106788466661649,0.689321153333835
302,1,-0.9370042085647583,-0.17332011461257935,/home/magali/CV4Ecology-summer-school/PrototypeCroppedImages/PrototypeCroppedImages_Sex_Val/303_cropped.jpg,0.3178469444903698,0.68215305550963
303,1,-0.5426669120788574,0.009020410478115082,/home/magali/CV4Ecology-summer-school/PrototypeCroppedImages/PrototypeCroppedImages_Sex_Val/304_cropped.jpg,0.3654730259339848,0.6345269740660152
304,1,-0.8275816440582275,-0.051554739475250244,/home/magali/CV4Ecology-summer-school/PrototypeCroppedImages/PrototypeCroppedImages_Sex_Val/305_cropped.jpg,0.31517681013618093,0.6848231898638191
305,1,-0.9815711379051208,-0.4325774610042572,/home/magali/CV4Ecology-summer-school/PrototypeCroppedImages/PrototypeCroppedImages_Sex_Val/306_cropped.jpg,0.3660979151395806,0.6339020848604193
306,1,-0.8827053904533386,-0.36860719323158264,/home/magali/CV4Ecology-summer-school/PrototypeCroppedImages/PrototypeCroppedImages_Sex_Val/307_cropped.jpg,0.3742333049138119,0.6257666950861881
307,1,-1.117924690246582,-0.4300878345966339,/home/magali/CV4Ecology-summer-school/PrototypeCroppedImages/PrototypeCroppedImages_Sex_Val/308_cropped.jpg,0.3345144481105179,0.6654855518894822
308,1,-0.874319314956665,-0.5082688927650452,/home/magali/CV4Ecology-summer-school/PrototypeCroppedImages/PrototypeCroppedImages_Sex_Val/309_cropped.jpg,0.4094957224292885,0.5905042775707114
309,1,-0.686926543712616,-0.3181338608264923,/home/magali/CV4Ecology-summer-school/PrototypeCroppedImages/PrototypeCroppedImages_Sex_Val/310_cropped.jpg,0.40883278412719515,0.5911672158728047
310,1,-0.22270195186138153,-0.0887107327580452,/home/magali/CV4Ecology-summer-school/PrototypeCroppedImages/PrototypeCroppedImages_Sex_Val/311_cropped.jpg,0.46655222272143476,0.5334477772785653
311,1,-0.8004025816917419,-0.2989451289176941,/home/magali/CV4Ecology-summer-school/PrototypeCroppedImages/PrototypeCroppedImages_Sex_Val/312_cropped.jpg,0.3771982231657519,0.6228017768342481
312,1,-0.9857184886932373,-0.6902157068252563,/home/magali/CV4Ecology-summer-school/PrototypeCroppedImages/PrototypeCroppedImages_Sex_Val/313_cropped.jpg,0.42665723186518895,0.573342768134811
313,1,-1.0123381614685059,-0.6240438222885132,/home/magali/CV4Ecology-summer-school/PrototypeCroppedImages/PrototypeCroppedImages_Sex_Val/314_cropped.jpg,0.40412797116452376,0.5958720288354762
314,1,-1.2606743574142456,-0.6720925569534302,/home/magali/CV4Ecology-summer-school/PrototypeCroppedImages/PrototypeCroppedImages_Sex_Val/315_cropped.jpg,0.3569603212534968,0.6430396787465033
315,0,-0.8525513410568237,-0.007789436727762222,/home/magali/CV4Ecology-summer-school/PrototypeCroppedImages/PrototypeCroppedImages_Sex_Val/316_cropped.jpg,0.30053282072865006,0.6994671792713499
316,0,-0.7809782028198242,-0.5080776810646057,/home/magali/CV4Ecology-summer-school/PrototypeCroppedImages/PrototypeCroppedImages_Sex_Val/317_cropped.jpg,0.4321951602170974,0.5678048397829025
317,0,-1.2137377262115479,-0.7476340532302856,/home/magali/CV4Ecology-summer-school/PrototypeCroppedImages/PrototypeCroppedImages_Sex_Val/318_cropped.jpg,0.38553886557814493,0.6144611344218549
318,0,-1.364793300628662,-0.7027422189712524,/home/magali/CV4Ecology-summer-school/PrototypeCroppedImages/PrototypeCroppedImages_Sex_Val/319_cropped.jpg,0.3402790151235965,0.6597209848764035
319,0,-1.063553810119629,-0.7636119723320007,/home/magali/CV4Ecology-summer-school/PrototypeCroppedImages/PrototypeCroppedImages_Sex_Val/320_cropped.jpg,0.42557170148613915,0.5744282985138608
320,0,-1.1823210716247559,-0.5175157785415649,/home/magali/CV4Ecology-summer-school/PrototypeCroppedImages/PrototypeCroppedImages_Sex_Val/321_cropped.jpg,0.3396609966450561,0.6603390033549439
321,0,-1.152061939239502,-0.5388785600662231,/home/magali/CV4Ecology-summer-school/PrototypeCroppedImages/PrototypeCroppedImages_Sex_Val/322_cropped.jpg,0.3513333685370834,0.6486666314629167
322,0,-0.9885880351066589,-0.5008276700973511,/home/magali/CV4Ecology-summer-school/PrototypeCroppedImages/PrototypeCroppedImages_Sex_Val/323_cropped.jpg,0.3804213101659164,0.6195786898340835
323,0,-0.6581335067749023,-0.2435341477394104,/home/magali/CV4Ecology-summer-school/PrototypeCroppedImages/PrototypeCroppedImages_Sex_Val/324_cropped.jpg,0.3978097955933083,0.6021902044066918
324,0,-0.8171417117118835,-0.4461202621459961,/home/magali/CV4Ecology-summer-school/PrototypeCroppedImages/PrototypeCroppedImages_Sex_Val/325_cropped.jpg,0.40829422641786933,0.5917057735821306
325,1,0.02059197798371315,-0.48165732622146606,/home/magali/CV4Ecology-summer-school/PrototypeCroppedImages/PrototypeCroppedImages_Sex_Val/326_cropped.jpg,0.6229877802567529,0.37701221974324706
326,1,-0.7261728048324585,-0.6591321229934692,/home/magali/CV4Ecology-summer-school/PrototypeCroppedImages/PrototypeCroppedImages_Sex_Val/327_cropped.jpg,0.4832461040367883,0.5167538959632116
327,1,-0.3606550395488739,-0.2760958671569824,/home/magali/CV4Ecology-summer-school/PrototypeCroppedImages/PrototypeCroppedImages_Sex_Val/328_cropped.jpg,0.47887279414211237,0.5211272058578876
328,1,-0.8703745007514954,-0.8455594778060913,/home/magali/CV4Ecology-summer-school/PrototypeCroppedImages/PrototypeCroppedImages_Sex_Val/329_cropped.jpg,0.4937965625925454,0.5062034374074547
329,1,0.204509437084198,-0.0911216139793396,/home/magali/CV4Ecology-summer-school/PrototypeCroppedImages/PrototypeCroppedImages_Sex_Val/330_cropped.jpg,0.5733741451577381,0.42662585484226184
330,1,-0.3339526057243347,-0.2401120960712433,/home/magali/CV4Ecology-summer-school/PrototypeCroppedImages/PrototypeCroppedImages_Sex_Val/331_cropped.jpg,0.47655707334397623,0.5234429266560238
331,1,-0.7516053915023804,-0.4715488851070404,/home/magali/CV4Ecology-summer-school/PrototypeCroppedImages/PrototypeCroppedImages_Sex_Val/332_cropped.jpg,0.43043992281957794,0.5695600771804222
332,1,-0.17917199432849884,-0.2826114594936371,/home/magali/CV4Ecology-summer-school/PrototypeCroppedImages/PrototypeCroppedImages_Sex_Val/333_cropped.jpg,0.525836833152047,0.4741631668479531
333,1,-0.5905542373657227,-0.6010075807571411,/home/magali/CV4Ecology-summer-school/PrototypeCroppedImages/PrototypeCroppedImages_Sex_Val/334_cropped.jpg,0.5026133120509939,0.4973866879490061
334,1,-0.6946501135826111,-0.19278159737586975,/home/magali/CV4Ecology-summer-school/PrototypeCroppedImages/PrototypeCroppedImages_Sex_Val/335_cropped.jpg,0.3771016611335043,0.6228983388664957
335,1,-1.230297565460205,-0.883152186870575,/home/magali/CV4Ecology-summer-school/PrototypeCroppedImages/PrototypeCroppedImages_Sex_Val/336_cropped.jpg,0.4140748300735854,0.5859251699264145
336,1,0.02691558562219143,-0.14684543013572693,/home/magali/CV4Ecology-summer-school/PrototypeCroppedImages/PrototypeCroppedImages_Sex_Val/337_cropped.jpg,0.5433312840364013,0.45666871596359876
337,1,-0.7105269432067871,-0.06823467463254929,/home/magali/CV4Ecology-summer-school/PrototypeCroppedImages/PrototypeCroppedImages_Sex_Val/338_cropped.jpg,0.3447285529257659,0.6552714470742342
338,1,-0.42501845955848694,-0.042459554970264435,/home/magali/CV4Ecology-summer-school/PrototypeCroppedImages/PrototypeCroppedImages_Sex_Val/339_cropped.jpg,0.4055098689485049,0.5944901310514951
339,1,-0.8560384511947632,-1.392210602760315,/home/magali/CV4Ecology-summer-school/PrototypeCroppedImages/PrototypeCroppedImages_Sex_Val/340_cropped.jpg,0.6309215142070329,0.36907848579296715
340,1,-0.01865437626838684,-0.20426008105278015,/home/magali/CV4Ecology-summer-school/PrototypeCroppedImages/PrototypeCroppedImages_Sex_Val/341_cropped.jpg,0.5462686747579036,0.45373132524209636
341,1,-0.08383376896381378,-0.21191644668579102,/home/magali/CV4Ecology-summer-school/PrototypeCroppedImages/PrototypeCroppedImages_Sex_Val/342_cropped.jpg,0.5319769657423972,0.4680230342576027
342,1,-0.4629221558570862,-0.18762856721878052,/home/magali/CV4Ecology-summer-school/PrototypeCroppedImages/PrototypeCroppedImages_Sex_Val/343_cropped.jpg,0.43160799116761706,0.5683920088323829
343,1,-0.06101534888148308,-0.35022255778312683,/home/magali/CV4Ecology-summer-school/PrototypeCroppedImages/PrototypeCroppedImages_Sex_Val/344_cropped.jpg,0.5718020334759016,0.4281979665240985
344,1,-0.5607860088348389,-0.2346072793006897,/home/magali/CV4Ecology-summer-school/PrototypeCroppedImages/PrototypeCroppedImages_Sex_Val/345_cropped.jpg,0.41917068656953055,0.5808293134304695
345,1,0.04630192741751671,-0.1412956416606903,/home/magali/CV4Ecology-summer-school/PrototypeCroppedImages/PrototypeCroppedImages_Sex_Val/346_cropped.jpg,0.5467623310086391,0.4532376689913609
346,1,-0.19864323735237122,-0.13565278053283691,/home/magali/CV4Ecology-summer-school/PrototypeCroppedImages/PrototypeCroppedImages_Sex_Val/347_cropped.jpg,0.48425759067548835,0.5157424093245117
347,1,-0.022661205381155014,-0.0857832208275795,/home/magali/CV4Ecology-summer-school/PrototypeCroppedImages/PrototypeCroppedImages_Sex_Val/348_cropped.jpg,0.5157752663098254,0.4842247336901746
348,1,0.0050658658146858215,-0.17090970277786255,/home/magali/CV4Ecology-summer-school/PrototypeCroppedImages/PrototypeCroppedImages_Sex_Val/349_cropped.jpg,0.5438807112530065,0.4561192887469935
349,1,-0.016928791999816895,-0.07454035431146622,/home/magali/CV4Ecology-summer-school/PrototypeCroppedImages/PrototypeCroppedImages_Sex_Val/350_cropped.jpg,0.5143989081896562,0.4856010918103438
350,1,-0.037693414837121964,-0.017143048346042633,/home/magali/CV4Ecology-summer-school/PrototypeCroppedImages/PrototypeCroppedImages_Sex_Val/351_cropped.jpg,0.49486258917752574,0.5051374108224742
351,1,-0.003040483221411705,-0.024419628083705902,/home/magali/CV4Ecology-summer-school/PrototypeCroppedImages/PrototypeCroppedImages_Sex_Val/352_cropped.jpg,0.5053445826473894,0.49465541735261076
352,1,0.18622088432312012,-0.11059317737817764,/home/magali/CV4Ecology-summer-school/PrototypeCroppedImages/PrototypeCroppedImages_Sex_Val/353_cropped.jpg,0.5736635036149482,0.42633649638505183
353,1,-0.10701566934585571,-0.035317860543727875,/home/magali/CV4Ecology-summer-school/PrototypeCroppedImages/PrototypeCroppedImages_Sex_Val/354_cropped.jpg,0.48208322235474377,0.5179167776452563
354,1,-0.10488951206207275,-0.13631680607795715,/home/magali/CV4Ecology-summer-school/PrototypeCroppedImages/PrototypeCroppedImages_Sex_Val/355_cropped.jpg,0.5078561769022797,0.49214382309772037
355,0,-0.6056263446807861,-0.3090778887271881,/home/magali/CV4Ecology-summer-school/PrototypeCroppedImages/PrototypeCroppedImages_Sex_Val/356_cropped.jpg,0.42640145783300126,0.5735985421669987
356,0,-0.2981737554073334,-0.23638707399368286,/home/magali/CV4Ecology-summer-school/PrototypeCroppedImages/PrototypeCroppedImages_Sex_Val/357_cropped.jpg,0.48455824186431584,0.5154417581356842
357,0,-0.06832917034626007,-0.1057087853550911,/home/magali/CV4Ecology-summer-school/PrototypeCroppedImages/PrototypeCroppedImages_Sex_Val/358_cropped.jpg,0.5093438158181866,0.4906561841818134
358,0,-0.47160035371780396,-0.5666658878326416,/home/magali/CV4Ecology-summer-school/PrototypeCroppedImages/PrototypeCroppedImages_Sex_Val/359_cropped.jpg,0.5237485007200358,0.47625149927996435
359,0,-0.26614314317703247,-0.20200157165527344,/home/magali/CV4Ecology-summer-school/PrototypeCroppedImages/PrototypeCroppedImages_Sex_Val/360_cropped.jpg,0.48397010251456024,0.5160298974854398
360,0,-0.5880787968635559,-0.39795905351638794,/home/magali/CV4Ecology-summer-school/PrototypeCroppedImages/PrototypeCroppedImages_Sex_Val/361_cropped.jpg,0.4526127147420622,0.5473872852579378
361,0,-0.4680505394935608,-0.06794431060552597,/home/magali/CV4Ecology-summer-school/PrototypeCroppedImages/PrototypeCroppedImages_Sex_Val/362_cropped.jpg,0.40128681752327666,0.5987131824767233
362,0,0.05232088640332222,-0.1293673813343048,/home/magali/CV4Ecology-summer-school/PrototypeCroppedImages/PrototypeCroppedImages_Sex_Val/363_cropped.jpg,0.5452975271242662,0.4547024728757339
363,0,-0.636817455291748,-0.17133823037147522,/home/magali/CV4Ecology-summer-school/PrototypeCroppedImages/PrototypeCroppedImages_Sex_Val/364_cropped.jpg,0.3856868070492953,0.6143131929507047
364,0,-0.7164232134819031,-0.332450807094574,/home/magali/CV4Ecology-summer-school/PrototypeCroppedImages/PrototypeCroppedImages_Sex_Val/365_cropped.jpg,0.40516915934937275,0.5948308406506272
365,0,-0.190609872341156,-0.07928570359945297,/home/magali/CV4Ecology-summer-school/PrototypeCroppedImages/PrototypeCroppedImages_Sex_Val/366_cropped.jpg,0.47219766491062354,0.5278023350893765
366,0,-0.05721792206168175,-0.06366024911403656,/home/magali/CV4Ecology-summer-school/PrototypeCroppedImages/PrototypeCroppedImages_Sex_Val/367_cropped.jpg,0.5016105761927031,0.498389423807297
367,0,0.05892123654484749,-0.1745266616344452,/home/magali/CV4Ecology-summer-school/PrototypeCroppedImages/PrototypeCroppedImages_Sex_Val/368_cropped.jpg,0.5580983605690611,0.44190163943093885
368,0,-0.3791901171207428,-0.18637016415596008,/home/magali/CV4Ecology-summer-school/PrototypeCroppedImages/PrototypeCroppedImages_Sex_Val/369_cropped.jpg,0.45194381180263826,0.5480561881973617
369,0,-0.3888552188873291,-0.09805221110582352,/home/magali/CV4Ecology-summer-school/PrototypeCroppedImages/PrototypeCroppedImages_Sex_Val/370_cropped.jpg,0.4278072888437246,0.5721927111562753
370,0,0.1274529993534088,-0.18452271819114685,/home/magali/CV4Ecology-summer-school/PrototypeCroppedImages/PrototypeCroppedImages_Sex_Val/371_cropped.jpg,0.5773674379721341,0.422632562027866
371,0,0.16468477249145508,-0.15805459022521973,/home/magali/CV4Ecology-summer-school/PrototypeCroppedImages/PrototypeCroppedImages_Sex_Val/372_cropped.jpg,0.5799917103799362,0.4200082896200638
372,1,-0.4786760210990906,-0.13718804717063904,/home/magali/CV4Ecology-summer-school/PrototypeCroppedImages/PrototypeCroppedImages_Sex_Val/373_cropped.jpg,0.415448075747999,0.5845519242520009
373,1,-0.3607560396194458,-0.08681952208280563,/home/magali/CV4Ecology-summer-school/PrototypeCroppedImages/PrototypeCroppedImages_Sex_Val/374_cropped.jpg,0.43194094213893236,0.5680590578610676
374,1,-0.10034270584583282,-0.1356697380542755,/home/magali/CV4Ecology-summer-school/PrototypeCroppedImages/PrototypeCroppedImages_Sex_Val/375_cropped.jpg,0.5088308396644732,0.4911691603355269
375,1,-0.5118811130523682,-0.1695580780506134,/home/magali/CV4Ecology-summer-school/PrototypeCroppedImages/PrototypeCroppedImages_Sex_Val/376_cropped.jpg,0.4152452946839279,0.5847547053160722
376,1,-0.5820303559303284,-0.07274424284696579,/home/magali/CV4Ecology-summer-school/PrototypeCroppedImages/PrototypeCroppedImages_Sex_Val/377_cropped.jpg,0.3753608921946355,0.6246391078053644
377,1,-0.5359541177749634,-0.12441224604845047,/home/magali/CV4Ecology-summer-school/PrototypeCroppedImages/PrototypeCroppedImages_Sex_Val/378_cropped.jpg,0.3985424669251903,0.6014575330748099
378,1,0.06321469694375992,-0.11710410565137863,/home/magali/CV4Ecology-summer-school/PrototypeCroppedImages/PrototypeCroppedImages_Sex_Val/379_cropped.jpg,0.5449579497854978,0.4550420502145021
379,1,-0.11538511514663696,-0.07763350754976273,/home/magali/CV4Ecology-summer-school/PrototypeCroppedImages/PrototypeCroppedImages_Sex_Val/380_cropped.jpg,0.49056321883652393,0.5094367811634761
380,1,-0.17401957511901855,-0.20846104621887207,/home/magali/CV4Ecology-summer-school/PrototypeCroppedImages/PrototypeCroppedImages_Sex_Val/381_cropped.jpg,0.508609516730347,0.49139048326965296
381,1,-0.06578567624092102,-0.2997283637523651,/home/magali/CV4Ecology-summer-school/PrototypeCroppedImages/PrototypeCroppedImages_Sex_Val/382_cropped.jpg,0.558220384270301,0.4417796157296991
382,1,-0.646674394607544,-0.22290867567062378,/home/magali/CV4Ecology-summer-school/PrototypeCroppedImages/PrototypeCroppedImages_Sex_Val/383_cropped.jpg,0.395615998745182,0.604384001254818
383,1,0.216302752494812,-0.3012283742427826,/home/magali/CV4Ecology-summer-school/PrototypeCroppedImages/PrototypeCroppedImages_Sex_Val/384_cropped.jpg,0.6265702801853582,0.37342971981464185
384,1,-1.061046838760376,-0.4023614823818207,/home/magali/CV4Ecology-summer-school/PrototypeCroppedImages/PrototypeCroppedImages_Sex_Val/385_cropped.jpg,0.3410349898033138,0.6589650101966862
385,1,-0.9602236747741699,-0.27893805503845215,/home/magali/CV4Ecology-summer-school/PrototypeCroppedImages/PrototypeCroppedImages_Sex_Val/386_cropped.jpg,0.3359744260196444,0.6640255739803557
386,1,-0.6247519850730896,-0.34664681553840637,/home/magali/CV4Ecology-summer-school/PrototypeCroppedImages/PrototypeCroppedImages_Sex_Val/387_cropped.jpg,0.43091838007938976,0.5690816199206102
387,1,-0.6807263493537903,-0.18689554929733276,/home/magali/CV4Ecology-summer-school/PrototypeCroppedImages/PrototypeCroppedImages_Sex_Val/388_cropped.jpg,0.3789915451870506,0.6210084548129494
388,1,-0.8700146675109863,-0.37232986092567444,/home/magali/CV4Ecology-summer-school/PrototypeCroppedImages/PrototypeCroppedImages_Sex_Val/389_cropped.jpg,0.3780849019013225,0.6219150980986774
389,1,-0.4855731725692749,-0.31843194365501404,/home/magali/CV4Ecology-summer-school/PrototypeCroppedImages/PrototypeCroppedImages_Sex_Val/390_cropped.jpg,0.4583116986412317,0.5416883013587682
390,1,-1.0422123670578003,-0.2492297887802124,/home/magali/CV4Ecology-summer-school/PrototypeCroppedImages/PrototypeCroppedImages_Sex_Val/391_cropped.jpg,0.31152861107405927,0.6884713889259407
391,1,-1.1131937503814697,-0.5821946859359741,/home/magali/CV4Ecology-summer-school/PrototypeCroppedImages/PrototypeCroppedImages_Sex_Val/392_cropped.jpg,0.37028390227100194,0.629716097728998
392,0,-0.9303774833679199,-0.11684729903936386,/home/magali/CV4Ecology-summer-school/PrototypeCroppedImages/PrototypeCroppedImages_Sex_Val/393_cropped.jpg,0.30713874542069675,0.6928612545793031
393,0,-1.541242241859436,-0.2704980969429016,/home/magali/CV4Ecology-summer-school/PrototypeCroppedImages/PrototypeCroppedImages_Sex_Val/394_cropped.jpg,0.219129893362294,0.7808701066377061
394,0,-0.7531214356422424,-0.15346181392669678,/home/magali/CV4Ecology-summer-school/PrototypeCroppedImages/PrototypeCroppedImages_Sex_Val/395_cropped.jpg,0.3544215708217367,0.6455784291782632
395,0,-1.6137323379516602,-0.19646170735359192,/home/magali/CV4Ecology-summer-school/PrototypeCroppedImages/PrototypeCroppedImages_Sex_Val/396_cropped.jpg,0.19508981922393293,0.804910180776067
396,0,-0.5169095993041992,0.015723817050457,/home/magali/CV4Ecology-summer-school/PrototypeCroppedImages/PrototypeCroppedImages_Sex_Val/397_cropped.jpg,0.36990289519266667,0.6300971048073333
397,0,-1.6835668087005615,-0.3385883569717407,/home/magali/CV4Ecology-summer-school/PrototypeCroppedImages/PrototypeCroppedImages_Sex_Val/398_cropped.jpg,0.2066925461010273,0.7933074538989727
398,0,-0.45210033655166626,0.17537638545036316,/home/magali/CV4Ecology-summer-school/PrototypeCroppedImages/PrototypeCroppedImages_Sex_Val/399_cropped.jpg,0.3480829033597228,0.6519170966402772
399,0,-1.3495876789093018,-0.20413413643836975,/home/magali/CV4Ecology-summer-school/PrototypeCroppedImages/PrototypeCroppedImages_Sex_Val/400_cropped.jpg,0.2413204915959443,0.7586795084040556
400,0,0.10374996066093445,0.10095392912626266,/home/magali/CV4Ecology-summer-school/PrototypeCroppedImages/PrototypeCroppedImages_Sex_Val/401_cropped.jpg,0.5006990074282768,0.4993009925717232
401,0,-0.8695380687713623,-0.06522560864686966,/home/magali/CV4Ecology-summer-school/PrototypeCroppedImages/PrototypeCroppedImages_Sex_Val/402_cropped.jpg,0.30910379839066326,0.6908962016093368
402,1,-0.6982991695404053,-0.6666015982627869,/home/magali/CV4Ecology-summer-school/PrototypeCroppedImages/PrototypeCroppedImages_Sex_Val/403_cropped.jpg,0.49207627060751696,0.507923729392483
403,1,-0.8924136161804199,-1.0158233642578125,/home/magali/CV4Ecology-summer-school/PrototypeCroppedImages/PrototypeCroppedImages_Sex_Val/404_cropped.jpg,0.5308133397662211,0.4691866602337788
404,1,-2.096529483795166,-1.0747325420379639,/home/magali/CV4Ecology-summer-school/PrototypeCroppedImages/PrototypeCroppedImages_Sex_Val/405_cropped.jpg,0.2646775258850492,0.7353224741149508
405,1,-1.0921908617019653,-1.2056145668029785,/home/magali/CV4Ecology-summer-school/PrototypeCroppedImages/PrototypeCroppedImages_Sex_Val/406_cropped.jpg,0.5283255655667091,0.47167443443329093
406,1,-0.9846456050872803,-0.36533230543136597,/home/magali/CV4Ecology-summer-school/PrototypeCroppedImages/PrototypeCroppedImages_Sex_Val/407_cropped.jpg,0.3499376468046555,0.6500623531953446
407,1,-0.8721747398376465,-0.8960639238357544,/home/magali/CV4Ecology-summer-school/PrototypeCroppedImages/PrototypeCroppedImages_Sex_Val/408_cropped.jpg,0.5059720119867196,0.4940279880132806
408,1,-0.5085353255271912,-0.6667897701263428,/home/magali/CV4Ecology-summer-school/PrototypeCroppedImages/PrototypeCroppedImages_Sex_Val/409_cropped.jpg,0.539481246617715,0.46051875338228504
409,0,-1.0424832105636597,-0.5981572866439819,/home/magali/CV4Ecology-summer-school/PrototypeCroppedImages/PrototypeCroppedImages_Sex_Val/410_cropped.jpg,0.39071067229436607,0.6092893277056338
410,0,-0.7099512815475464,-0.6861597299575806,/home/magali/CV4Ecology-summer-school/PrototypeCroppedImages/PrototypeCroppedImages_Sex_Val/411_cropped.jpg,0.49405239264747325,0.5059476073525266
411,0,-0.6779519319534302,-0.6029483079910278,/home/magali/CV4Ecology-summer-school/PrototypeCroppedImages/PrototypeCroppedImages_Sex_Val/412_cropped.jpg,0.48125787940378145,0.5187421205962186
412,0,-0.9889476299285889,-0.6695250272750854,/home/magali/CV4Ecology-summer-school/PrototypeCroppedImages/PrototypeCroppedImages_Sex_Val/413_cropped.jpg,0.42081647045061216,0.5791835295493878
413,1,-0.04512014240026474,-0.014066673815250397,/home/magali/CV4Ecology-summer-school/PrototypeCroppedImages/PrototypeCroppedImages_Sex_Val/414_cropped.jpg,0.49223725665642454,0.5077627433435754
414,1,0.21906055510044098,-0.01184447854757309,/home/magali/CV4Ecology-summer-school/PrototypeCroppedImages/PrototypeCroppedImages_Sex_Val/415_cropped.jpg,0.5574711353448375,0.44252886465516267
415,1,-0.5331997871398926,-0.06155332177877426,/home/magali/CV4Ecology-summer-school/PrototypeCroppedImages/PrototypeCroppedImages_Sex_Val/416_cropped.jpg,0.38422662144560865,0.6157733785543913
416,1,-0.22480061650276184,-0.18722733855247498,/home/magali/CV4Ecology-summer-school/PrototypeCroppedImages/PrototypeCroppedImages_Sex_Val/417_cropped.jpg,0.4906077854422906,0.5093922145577093
417,1,-0.17173050343990326,-0.46983274817466736,/home/magali/CV4Ecology-summer-school/PrototypeCroppedImages/PrototypeCroppedImages_Sex_Val/418_cropped.jpg,0.5739785293535556,0.4260214706464444
418,1,0.03664188086986542,0.009190954267978668,/home/magali/CV4Ecology-summer-school/PrototypeCroppedImages/PrototypeCroppedImages_Sex_Val/419_cropped.jpg,0.5068623007300628,0.49313769926993706
419,1,-0.016261111944913864,-0.03250239044427872,/home/magali/CV4Ecology-summer-school/PrototypeCroppedImages/PrototypeCroppedImages_Sex_Val/420_cropped.jpg,0.5040602303748982,0.4959397696251019
420,0,0.174312561750412,-0.17874565720558167,/home/magali/CV4Ecology-summer-school/PrototypeCroppedImages/PrototypeCroppedImages_Sex_Val/421_cropped.jpg,0.5873589920726909,0.412641007927309
421,0,-0.26272478699684143,-0.020083822309970856,/home/magali/CV4Ecology-summer-school/PrototypeCroppedImages/PrototypeCroppedImages_Sex_Val/422_cropped.jpg,0.43963562949947205,0.560364370500528
422,0,-0.132698193192482,-0.09796338528394699,/home/magali/CV4Ecology-summer-school/PrototypeCroppedImages/PrototypeCroppedImages_Sex_Val/423_cropped.jpg,0.4913171709963901,0.5086828290036098
423,1,-0.07756520807743073,-0.1784701943397522,/home/magali/CV4Ecology-summer-school/PrototypeCroppedImages/PrototypeCroppedImages_Sex_Val/424_cropped.jpg,0.5252048642524554,0.47479513574754467
424,1,0.18455447256565094,0.011438421905040741,/home/magali/CV4Ecology-summer-school/PrototypeCroppedImages/PrototypeCroppedImages_Sex_Val/425_cropped.jpg,0.5431712492816844,0.4568287507183156
425,1,0.0540844202041626,-0.10032974928617477,/home/magali/CV4Ecology-summer-school/PrototypeCroppedImages/PrototypeCroppedImages_Sex_Val/426_cropped.jpg,0.5385270204357127,0.4614729795642873
426,1,0.0849526971578598,-0.16683495044708252,/home/magali/CV4Ecology-summer-school/PrototypeCroppedImages/PrototypeCroppedImages_Sex_Val/427_cropped.jpg,0.562616452871617,0.43738354712838295
427,1,0.08913213014602661,-0.1931159794330597,/home/magali/CV4Ecology-summer-school/PrototypeCroppedImages/PrototypeCroppedImages_Sex_Val/428_cropped.jpg,0.5700972915633578,0.4299027084366423
428,1,0.12190145254135132,-0.15199819207191467,/home/magali/CV4Ecology-summer-school/PrototypeCroppedImages/PrototypeCroppedImages_Sex_Val/429_cropped.jpg,0.5680500104042049,0.431949989595795
429,1,0.22116801142692566,-0.06352430582046509,/home/magali/CV4Ecology-summer-school/PrototypeCroppedImages/PrototypeCroppedImages_Sex_Val/430_cropped.jpg,0.5706962306318032,0.4293037693681968
430,1,0.16472582519054413,-0.18615606427192688,/home/magali/CV4Ecology-summer-school/PrototypeCroppedImages/PrototypeCroppedImages_Sex_Val/431_cropped.jpg,0.5868314184662284,0.4131685815337714
431,1,0.1932232528924942,-0.05335201323032379,/home/magali/CV4Ecology-summer-school/PrototypeCroppedImages/PrototypeCroppedImages_Sex_Val/432_cropped.jpg,0.5613333784456054,0.43866662155439456
432,1,0.13290317356586456,-0.08382288366556168,/home/magali/CV4Ecology-summer-school/PrototypeCroppedImages/PrototypeCroppedImages_Sex_Val/433_cropped.jpg,0.5539704294145623,0.44602957058543785
433,0,0.05407891049981117,0.09830323606729507,/home/magali/CV4Ecology-summer-school/PrototypeCroppedImages/PrototypeCroppedImages_Sex_Val/434_cropped.jpg,0.4889457202044562,0.5110542797955439
434,0,-0.2659919559955597,0.08445645868778229,/home/magali/CV4Ecology-summer-school/PrototypeCroppedImages/PrototypeCroppedImages_Sex_Val/435_cropped.jpg,0.4132736859152302,0.5867263140847698
435,0,-0.026054028421640396,0.11442049592733383,/home/magali/CV4Ecology-summer-school/PrototypeCroppedImages/PrototypeCroppedImages_Sex_Val/436_cropped.jpg,0.46493900511287084,0.5350609948871291
436,0,0.20284010469913483,0.38608208298683167,/home/magali/CV4Ecology-summer-school/PrototypeCroppedImages/PrototypeCroppedImages_Sex_Val/437_cropped.jpg,0.45431726043246495,0.545682739567535
437,0,0.08118394017219543,0.042053453624248505,/home/magali/CV4Ecology-summer-school/PrototypeCroppedImages/PrototypeCroppedImages_Sex_Val/438_cropped.jpg,0.5097813735696635,0.49021862643033665
438,0,-0.003755588084459305,-0.019816525280475616,/home/magali/CV4Ecology-summer-school/PrototypeCroppedImages/PrototypeCroppedImages_Sex_Val/439_cropped.jpg,0.5040151479891839,0.49598485201081605
439,0,-0.07779061794281006,0.059947095811367035,/home/magali/CV4Ecology-summer-school/PrototypeCroppedImages/PrototypeCroppedImages_Sex_Val/440_cropped.jpg,0.4656199083844826,0.5343800916155176
440,0,-0.01126883551478386,0.10420209914445877,/home/magali/CV4Ecology-summer-school/PrototypeCroppedImages/PrototypeCroppedImages_Sex_Val/441_cropped.jpg,0.4711642993734762,0.5288357006265237
441,0,0.03413740172982216,0.04808603227138519,/home/magali/CV4Ecology-summer-school/PrototypeCroppedImages/PrototypeCroppedImages_Sex_Val/442_cropped.jpg,0.49651289890320616,0.5034871010967938
442,0,-0.1750057488679886,0.24365216493606567,/home/magali/CV4Ecology-summer-school/PrototypeCroppedImages/PrototypeCroppedImages_Sex_Val/443_cropped.jpg,0.39683794413473383,0.6031620558652662
443,1,-0.57902991771698,-0.6159707307815552,/home/magali/CV4Ecology-summer-school/PrototypeCroppedImages/PrototypeCroppedImages_Sex_Val/444_cropped.jpg,0.509234153194691,0.4907658468053089
444,1,-0.1499900370836258,-0.02898857742547989,/home/magali/CV4Ecology-summer-school/PrototypeCroppedImages/PrototypeCroppedImages_Sex_Val/445_cropped.jpg,0.4697864899823754,0.5302135100176246
445,1,-0.26853859424591064,-0.20237889885902405,/home/magali/CV4Ecology-summer-school/PrototypeCroppedImages/PrototypeCroppedImages_Sex_Val/446_cropped.jpg,0.483466106596056,0.516533893403944
446,1,-0.5065847039222717,-0.1606215536594391,/home/magali/CV4Ecology-summer-school/PrototypeCroppedImages/PrototypeCroppedImages_Sex_Val/447_cropped.jpg,0.4143616877106491,0.5856383122893509
447,1,-0.42370355129241943,-0.16983604431152344,/home/magali/CV4Ecology-summer-school/PrototypeCroppedImages/PrototypeCroppedImages_Sex_Val/448_cropped.jpg,0.4368718038695355,0.5631281961304644
448,1,-0.18268950283527374,-0.023420847952365875,/home/magali/CV4Ecology-summer-school/PrototypeCroppedImages/PrototypeCroppedImages_Sex_Val/449_cropped.jpg,0.4602667918414418,0.5397332081585582
449,1,-0.3429695963859558,-0.21683558821678162,/home/magali/CV4Ecology-summer-school/PrototypeCroppedImages/PrototypeCroppedImages_Sex_Val/450_cropped.jpg,0.46850823916067175,0.5314917608393284
450,1,0.03368823602795601,-0.3884904086589813,/home/magali/CV4Ecology-summer-school/PrototypeCroppedImages/PrototypeCroppedImages_Sex_Val/451_cropped.jpg,0.6040044626879916,0.3959955373120083
451,1,0.048876285552978516,-0.7009096145629883,/home/magali/CV4Ecology-summer-school/PrototypeCroppedImages/PrototypeCroppedImages_Sex_Val/452_cropped.jpg,0.6791320460929634,0.3208679539070367
452,1,0.04580934718251228,-0.5447492599487305,/home/magali/CV4Ecology-summer-school/PrototypeCroppedImages/PrototypeCroppedImages_Sex_Val/453_cropped.jpg,0.6434933058422195,0.3565066941577805
453,1,-0.1957159787416458,-0.6510748863220215,/home/magali/CV4Ecology-summer-school/PrototypeCroppedImages/PrototypeCroppedImages_Sex_Val/454_cropped.jpg,0.6119126042062787,0.3880873957937214
454,1,-0.3685610890388489,-0.5881099104881287,/home/magali/CV4Ecology-summer-school/PrototypeCroppedImages/PrototypeCroppedImages_Sex_Val/455_cropped.jpg,0.5546677915976975,0.44533220840230237
455,0,-0.569534182548523,-0.12242630869150162,/home/magali/CV4Ecology-summer-school/PrototypeCroppedImages/PrototypeCroppedImages_Sex_Val/456_cropped.jpg,0.3900486145745849,0.609951385425415
456,0,-0.9548724293708801,-0.4698505401611328,/home/magali/CV4Ecology-summer-school/PrototypeCroppedImages/PrototypeCroppedImages_Sex_Val/457_cropped.jpg,0.3810669825081759,0.618933017491824
457,0,-0.35734912753105164,-0.08555693179368973,/home/magali/CV4Ecology-summer-school/PrototypeCroppedImages/PrototypeCroppedImages_Sex_Val/458_cropped.jpg,0.4324671666101981,0.5675328333898021
458,0,-0.515997052192688,0.005423121154308319,/home/magali/CV4Ecology-summer-school/PrototypeCroppedImages/PrototypeCroppedImages_Sex_Val/459_cropped.jpg,0.3725202096698404,0.6274797903301597
459,0,-0.7107207775115967,-0.055664412677288055,/home/magali/CV4Ecology-summer-school/PrototypeCroppedImages/PrototypeCroppedImages_Sex_Val/460_cropped.jpg,0.3418510033771607,0.6581489966228393
460,0,-0.6213657855987549,0.06222989410161972,/home/magali/CV4Ecology-summer-school/PrototypeCroppedImages/PrototypeCroppedImages_Sex_Val/461_cropped.jpg,0.33545925721134384,0.664540742788656
461,0,-0.47405755519866943,0.02997215837240219,/home/magali/CV4Ecology-summer-school/PrototypeCroppedImages/PrototypeCroppedImages_Sex_Val/462_cropped.jpg,0.3765941395202019,0.6234058604797981
462,0,-0.4256261885166168,-0.24105116724967957,/home/magali/CV4Ecology-summer-school/PrototypeCroppedImages/PrototypeCroppedImages_Sex_Val/463_cropped.jpg,0.4539868018048632,0.5460131981951367
463,0,-0.9934300780296326,-0.0772211030125618,/home/magali/CV4Ecology-summer-school/PrototypeCroppedImages/PrototypeCroppedImages_Sex_Val/464_cropped.jpg,0.2857309710794671,0.7142690289205329
464,0,-0.5501707792282104,0.14117607474327087,/home/magali/CV4Ecology-summer-school/PrototypeCroppedImages/PrototypeCroppedImages_Sex_Val/465_cropped.jpg,0.33373352588000343,0.6662664741199966
465,0,-0.1840573251247406,-0.15613403916358948,/home/magali/CV4Ecology-summer-school/PrototypeCroppedImages/PrototypeCroppedImages_Sex_Val/466_cropped.jpg,0.49301963205898336,0.5069803679410165
466,0,-1.1212422847747803,-0.22043561935424805,/home/magali/CV4Ecology-summer-school/PrototypeCroppedImages/PrototypeCroppedImages_Sex_Val/467_cropped.jpg,0.2888847555957026,0.7111152444042975
467,0,-0.6003589034080505,-0.014870025217533112,/home/magali/CV4Ecology-summer-school/PrototypeCroppedImages/PrototypeCroppedImages_Sex_Val/468_cropped.jpg,0.3576705832110562,0.6423294167889438
468,0,-0.2019258588552475,-0.10146839171648026,/home/magali/CV4Ecology-summer-school/PrototypeCroppedImages/PrototypeCroppedImages_Sex_Val/469_cropped.jpg,0.4749067324830759,0.5250932675169241
469,0,-0.594021737575531,-0.04533655196428299,/home/magali/CV4Ecology-summer-school/PrototypeCroppedImages/PrototypeCroppedImages_Sex_Val/470_cropped.jpg,0.3661695097414652,0.6338304902585348
470,0,-0.39977702498435974,-0.18522995710372925,/home/magali/CV4Ecology-summer-school/PrototypeCroppedImages/PrototypeCroppedImages_Sex_Val/471_cropped.jpg,0.44656803405794165,0.5534319659420585
471,0,-0.5097088813781738,-0.1880534291267395,/home/magali/CV4Ecology-summer-school/PrototypeCroppedImages/PrototypeCroppedImages_Sex_Val/472_cropped.jpg,0.42027235451654527,0.5797276454834548
472,0,-0.5619898438453674,-0.43745923042297363,/home/magali/CV4Ecology-summer-school/PrototypeCroppedImages/PrototypeCroppedImages_Sex_Val/473_cropped.jpg,0.4689075177866134,0.5310924822133866
473,0,-0.4114190638065338,-0.464450478553772,/home/magali/CV4Ecology-summer-school/PrototypeCroppedImages/PrototypeCroppedImages_Sex_Val/474_cropped.jpg,0.5132547474376987,0.4867452525623013
474,0,-0.4137221574783325,-0.22293931245803833,/home/magali/CV4Ecology-summer-school/PrototypeCroppedImages/PrototypeCroppedImages_Sex_Val/475_cropped.jpg,0.4524484335230891,0.5475515664769111
475,0,-0.40164250135421753,-0.24405062198638916,/home/magali/CV4Ecology-summer-school/PrototypeCroppedImages/PrototypeCroppedImages_Sex_Val/476_cropped.jpg,0.46068336620415107,0.539316633795849
476,0,-0.23811326920986176,-0.10780549794435501,/home/magali/CV4Ecology-summer-school/PrototypeCroppedImages/PrototypeCroppedImages_Sex_Val/477_cropped.jpg,0.46746907573214225,0.5325309242678576
477,0,-0.5407567024230957,-0.2785235047340393,/home/magali/CV4Ecology-summer-school/PrototypeCroppedImages/PrototypeCroppedImages_Sex_Val/478_cropped.jpg,0.43481481819814216,0.565185181801858
478,0,-0.36628326773643494,-0.698300302028656,/home/magali/CV4Ecology-summer-school/PrototypeCroppedImages/PrototypeCroppedImages_Sex_Val/479_cropped.jpg,0.5822500712686313,0.41774992873136874
479,0,-0.3533046245574951,-0.08295857906341553,/home/magali/CV4Ecology-summer-school/PrototypeCroppedImages/PrototypeCroppedImages_Sex_Val/480_cropped.jpg,0.4328221433434356,0.5671778566565644
480,1,-0.4511410892009735,-0.38102155923843384,/home/magali/CV4Ecology-summer-school/PrototypeCroppedImages/PrototypeCroppedImages_Sex_Val/481_cropped.jpg,0.48247729648159293,0.5175227035184069
481,1,-0.694740891456604,-0.2693972587585449,/home/magali/CV4Ecology-summer-school/PrototypeCroppedImages/PrototypeCroppedImages_Sex_Val/482_cropped.jpg,0.39523877549466613,0.604761224505334
482,1,-0.006657127290964127,-0.05758865922689438,/home/magali/CV4Ecology-summer-school/PrototypeCroppedImages/PrototypeCroppedImages_Sex_Val/483_cropped.jpg,0.5127301312506894,0.4872698687493105
483,1,-0.8630073666572571,-0.3347484767436981,/home/magali/CV4Ecology-summer-school/PrototypeCroppedImages/PrototypeCroppedImages_Sex_Val/484_cropped.jpg,0.370923065785779,0.629076934214221
484,1,-1.1726876497268677,-0.2360803484916687,/home/magali/CV4Ecology-summer-school/PrototypeCroppedImages/PrototypeCroppedImages_Sex_Val/485_cropped.jpg,0.2815861610624159,0.7184138389375841
485,0,-0.28482091426849365,-0.18056988716125488,/home/magali/CV4Ecology-summer-school/PrototypeCroppedImages/PrototypeCroppedImages_Sex_Val/486_cropped.jpg,0.4739608223679706,0.5260391776320293
486,0,-0.5594184398651123,-0.6240549087524414,/home/magali/CV4Ecology-summer-school/PrototypeCroppedImages/PrototypeCroppedImages_Sex_Val/487_cropped.jpg,0.5161534936761561,0.4838465063238439
487,0,-0.27637726068496704,-0.19256120920181274,/home/magali/CV4Ecology-summer-school/PrototypeCroppedImages/PrototypeCroppedImages_Sex_Val/488_cropped.jpg,0.47905824557378507,0.5209417544262148
488,0,-1.3952914476394653,-0.7824403047561646,/home/magali/CV4Ecology-summer-school/PrototypeCroppedImages/PrototypeCroppedImages_Sex_Val/489_cropped.jpg,0.3514090883396947,0.6485909116603052
489,0,-0.6127023696899414,-1.6527073383331299,/home/magali/CV4Ecology-summer-school/PrototypeCroppedImages/PrototypeCroppedImages_Sex_Val/490_cropped.jpg,0.7388509647861663,0.2611490352138337
490,0,-0.3020203113555908,-0.2681438624858856,/home/magali/CV4Ecology-summer-school/PrototypeCroppedImages/PrototypeCroppedImages_Sex_Val/491_cropped.jpg,0.49153169762879756,0.5084683023712026
491,0,-0.19882819056510925,-0.15806391835212708,/home/magali/CV4Ecology-summer-school/PrototypeCroppedImages/PrototypeCroppedImages_Sex_Val/492_cropped.jpg,0.48981034294242126,0.5101896570575788
492,0,-0.2496548742055893,-0.14466509222984314,/home/magali/CV4Ecology-summer-school/PrototypeCroppedImages/PrototypeCroppedImages_Sex_Val/493_cropped.jpg,0.4737766381067374,0.5262233618932626
493,0,-0.1757725477218628,-0.036011286079883575,/home/magali/CV4Ecology-summer-school/PrototypeCroppedImages/PrototypeCroppedImages_Sex_Val/494_cropped.jpg,0.46511644842469985,0.5348835515753002
494,0,-0.7341541051864624,-0.18911567330360413,/home/magali/CV4Ecology-summer-school/PrototypeCroppedImages/PrototypeCroppedImages_Sex_Val/495_cropped.jpg,0.3670162949581993,0.6329837050418007
495,1,-1.0653027296066284,-0.7449460029602051,/home/magali/CV4Ecology-summer-school/PrototypeCroppedImages/PrototypeCroppedImages_Sex_Val/496_cropped.jpg,0.4205888132948289,0.5794111867051711
496,1,-0.66133713722229,-0.7545035481452942,/home/magali/CV4Ecology-summer-school/PrototypeCroppedImages/PrototypeCroppedImages_Sex_Val/497_cropped.jpg,0.5232747697874975,0.47672523021250235
497,1,-0.9573746919631958,-1.1575357913970947,/home/magali/CV4Ecology-summer-school/PrototypeCroppedImages/PrototypeCroppedImages_Sex_Val/498_cropped.jpg,0.5498738717720149,0.45012612822798515
498,1,-0.6016800999641418,-0.770272970199585,/home/magali/CV4Ecology-summer-school/PrototypeCroppedImages/PrototypeCroppedImages_Sex_Val/499_cropped.jpg,0.5420486669892716,0.45795133301072843
499,1,-1.2003587484359741,-0.632012128829956,/home/magali/CV4Ecology-summer-school/PrototypeCroppedImages/PrototypeCroppedImages_Sex_Val/500_cropped.jpg,0.3616184212105245,0.6383815787894755
500,1,-0.7264214754104614,-0.65366530418396,/home/magali/CV4Ecology-summer-school/PrototypeCroppedImages/PrototypeCroppedImages_Sex_Val/501_cropped.jpg,0.48181897652995964,0.5181810234700404
501,0,-1.1466021537780762,-0.5576040744781494,/home/magali/CV4Ecology-summer-school/PrototypeCroppedImages/PrototypeCroppedImages_Sex_Val/502_cropped.jpg,0.35686477444499454,0.6431352255550055
502,0,-1.3181604146957397,0.28134655952453613,/home/magali/CV4Ecology-summer-school/PrototypeCroppedImages/PrototypeCroppedImages_Sex_Val/503_cropped.jpg,0.16805053329868244,0.8319494667013175
503,0,-1.1691269874572754,-0.5983623266220093,/home/magali/CV4Ecology-summer-school/PrototypeCroppedImages/PrototypeCroppedImages_Sex_Val/504_cropped.jpg,0.36106040208226076,0.6389395979177392
504,0,-0.8807842135429382,-0.622498631477356,/home/magali/CV4Ecology-summer-school/PrototypeCroppedImages/PrototypeCroppedImages_Sex_Val/505_cropped.jpg,0.4357851967026628,0.5642148032973373
505,0,-1.2939026355743408,0.016144342720508575,/home/magali/CV4Ecology-summer-school/PrototypeCroppedImages/PrototypeCroppedImages_Sex_Val/506_cropped.jpg,0.21247898306007182,0.787521016939928
506,0,-0.6347182393074036,-0.041541896760463715,/home/magali/CV4Ecology-summer-school/PrototypeCroppedImages/PrototypeCroppedImages_Sex_Val/507_cropped.jpg,0.3559063861718291,0.6440936138281709
507,0,-1.061601161956787,0.07379113882780075,/home/magali/CV4Ecology-summer-school/PrototypeCroppedImages/PrototypeCroppedImages_Sex_Val/508_cropped.jpg,0.24316734425167041,0.7568326557483297
508,0,-0.7783095836639404,-0.21961861848831177,/home/magali/CV4Ecology-summer-school/PrototypeCroppedImages/PrototypeCroppedImages_Sex_Val/509_cropped.jpg,0.36385039918611545,0.6361496008138844
509,0,-1.1959681510925293,-0.3546109199523926,/home/magali/CV4Ecology-summer-school/PrototypeCroppedImages/PrototypeCroppedImages_Sex_Val/510_cropped.jpg,0.3012490124526179,0.698750987547382
510,0,-0.825033962726593,-0.2994964122772217,/home/magali/CV4Ecology-summer-school/PrototypeCroppedImages/PrototypeCroppedImages_Sex_Val/511_cropped.jpg,0.37155828354569437,0.6284417164543056
511,0,-1.011997938156128,-0.39996638894081116,/home/magali/CV4Ecology-summer-school/PrototypeCroppedImages/PrototypeCroppedImages_Sex_Val/512_cropped.jpg,0.35159591347768393,0.6484040865223161
512,0,-1.021276831626892,-0.45624932646751404,/home/magali/CV4Ecology-summer-school/PrototypeCroppedImages/PrototypeCroppedImages_Sex_Val/513_cropped.jpg,0.3623849919538696,0.6376150080461304
513,0,-1.2173891067504883,-0.3693081736564636,/home/magali/CV4Ecology-summer-school/PrototypeCroppedImages/PrototypeCroppedImages_Sex_Val/514_cropped.jpg,0.2998355804904555,0.7001644195095444
514,0,-1.1720538139343262,-0.4417135715484619,/home/magali/CV4Ecology-summer-school/PrototypeCroppedImages/PrototypeCroppedImages_Sex_Val/515_cropped.jpg,0.32512006800928206,0.6748799319907179
515,0,-0.9590187072753906,0.1706143617630005,/home/magali/CV4Ecology-summer-school/PrototypeCroppedImages/PrototypeCroppedImages_Sex_Val/516_cropped.jpg,0.24422882307106492,0.7557711769289351
516,0,-0.9835430383682251,-0.388001412153244,/home/magali/CV4Ecology-summer-school/PrototypeCroppedImages/PrototypeCroppedImages_Sex_Val/517_cropped.jpg,0.35536436055468806,0.644635639445312
517,0,-0.8901727199554443,-0.23187848925590515,/home/magali/CV4Ecology-summer-school/PrototypeCroppedImages/PrototypeCroppedImages_Sex_Val/518_cropped.jpg,0.34112289299054455,0.6588771070094555
518,0,-0.7010558247566223,0.03726526349782944,/home/magali/CV4Ecology-summer-school/PrototypeCroppedImages/PrototypeCroppedImages_Sex_Val/519_cropped.jpg,0.32337138457771314,0.6766286154222868
519,0,-0.8214386701583862,-0.09010095149278641,/home/magali/CV4Ecology-summer-school/PrototypeCroppedImages/PrototypeCroppedImages_Sex_Val/520_cropped.jpg,0.32490124293672734,0.6750987570632726
520,0,-1.267514944076538,-0.2997407913208008,/home/magali/CV4Ecology-summer-school/PrototypeCroppedImages/PrototypeCroppedImages_Sex_Val/521_cropped.jpg,0.27532438301724327,0.7246756169827568
521,0,-0.4491899609565735,-0.3035712242126465,/home/magali/CV4Ecology-summer-school/PrototypeCroppedImages/PrototypeCroppedImages_Sex_Val/522_cropped.jpg,0.46365950925041416,0.5363404907495858
522,0,-1.4106121063232422,-0.7658795714378357,/home/magali/CV4Ecology-summer-school/PrototypeCroppedImages/PrototypeCroppedImages_Sex_Val/523_cropped.jpg,0.3441775283295729,0.6558224716704271
523,0,-0.9138665199279785,-0.006999440491199493,/home/magali/CV4Ecology-summer-school/PrototypeCroppedImages/PrototypeCroppedImages_Sex_Val/524_cropped.jpg,0.2876413572679437,0.7123586427320564
524,0,-1.0764480829238892,-0.11130814999341965,/home/magali/CV4Ecology-summer-school/PrototypeCroppedImages/PrototypeCroppedImages_Sex_Val/525_cropped.jpg,0.27585027578388405,0.7241497242161159
525,0,-1.00746488571167,-0.08925829082727432,/home/magali/CV4Ecology-summer-school/PrototypeCroppedImages/PrototypeCroppedImages_Sex_Val/526_cropped.jpg,0.2853234538356928,0.7146765461643072
526,0,-1.0612868070602417,-0.13824045658111572,/home/magali/CV4Ecology-summer-school/PrototypeCroppedImages/PrototypeCroppedImages_Sex_Val/527_cropped.jpg,0.28433758623065475,0.7156624137693453
527,0,-1.046887993812561,-0.14387959241867065,/home/magali/CV4Ecology-summer-school/PrototypeCroppedImages/PrototypeCroppedImages_Sex_Val/528_cropped.jpg,0.2884326625207534,0.7115673374792465
528,0,-1.0163418054580688,0.06764283031225204,/home/magali/CV4Ecology-summer-school/PrototypeCroppedImages/PrototypeCroppedImages_Sex_Val/529_cropped.jpg,0.2527527022291266,0.7472472977708734
529,0,-0.9771441221237183,0.0011453256011009216,/home/magali/CV4Ecology-summer-school/PrototypeCroppedImages/PrototypeCroppedImages_Sex_Val/530_cropped.jpg,0.27323132644258913,0.726768673557411
530,0,-0.9838011860847473,0.0690084770321846,/home/magali/CV4Ecology-summer-school/PrototypeCroppedImages/PrototypeCroppedImages_Sex_Val/531_cropped.jpg,0.2586859334794059,0.7413140665205942
531,0,-1.3053767681121826,0.1028752401471138,/home/magali/CV4Ecology-summer-school/PrototypeCroppedImages/PrototypeCroppedImages_Sex_Val/532_cropped.jpg,0.196509906951678,0.803490093048322
532,0,-1.1013131141662598,-0.18703734874725342,/home/magali/CV4Ecology-summer-school/PrototypeCroppedImages/PrototypeCroppedImages_Sex_Val/533_cropped.jpg,0.2861256808505874,0.7138743191494125
533,1,0.026785094290971756,0.02638661116361618,/home/magali/CV4Ecology-summer-school/PrototypeCroppedImages/PrototypeCroppedImages_Sex_Val/534_cropped.jpg,0.5000996207805206,0.4999003792194793
534,1,-1.3079607486724854,-0.7475578188896179,/home/magali/CV4Ecology-summer-school/PrototypeCroppedImages/PrototypeCroppedImages_Sex_Val/535_cropped.jpg,0.36345423466835863,0.6365457653316414
535,1,-0.7919930219650269,-0.3985215723514557,/home/magali/CV4Ecology-summer-school/PrototypeCroppedImages/PrototypeCroppedImages_Sex_Val/536_cropped.jpg,0.4028818999449028,0.5971181000550971
536,1,-0.5211990475654602,-0.5897162556648254,/home/magali/CV4Ecology-summer-school/PrototypeCroppedImages/PrototypeCroppedImages_Sex_Val/537_cropped.jpg,0.5171226038897527,0.48287739611024727
537,1,-1.4301623106002808,-0.6930316090583801,/home/magali/CV4Ecology-summer-school/PrototypeCroppedImages/PrototypeCroppedImages_Sex_Val/538_cropped.jpg,0.3236318987106456,0.6763681012893544
538,1,-1.1800923347473145,-0.47277525067329407,/home/magali/CV4Ecology-summer-school/PrototypeCroppedImages/PrototypeCroppedImages_Sex_Val/539_cropped.jpg,0.3301919373277066,0.6698080626722933
539,1,-0.3395124673843384,0.048307858407497406,/home/magali/CV4Ecology-summer-school/PrototypeCroppedImages/PrototypeCroppedImages_Sex_Val/540_cropped.jpg,0.4042421228285859,0.5957578771714142
540,1,-0.5657604932785034,-0.3884298801422119,/home/magali/CV4Ecology-summer-school/PrototypeCroppedImages/PrototypeCroppedImages_Sex_Val/541_cropped.jpg,0.4557831568100628,0.5442168431899371
541,1,-1.2574257850646973,-0.6121543645858765,/home/magali/CV4Ecology-summer-school/PrototypeCroppedImages/PrototypeCroppedImages_Sex_Val/542_cropped.jpg,0.34405590163575295,0.6559440983642472
542,1,-0.8925149440765381,-0.4163101613521576,/home/magali/CV4Ecology-summer-school/PrototypeCroppedImages/PrototypeCroppedImages_Sex_Val/543_cropped.jpg,0.3831487101129584,0.6168512898870416
543,0,0.10353419184684753,-0.25765055418014526,/home/magali/CV4Ecology-summer-school/PrototypeCroppedImages/PrototypeCroppedImages_Sex_Val/544_cropped.jpg,0.5893271973789773,0.4106728026210227
544,0,-0.10088296234607697,-0.1645762026309967,/home/magali/CV4Ecology-summer-school/PrototypeCroppedImages/PrototypeCroppedImages_Sex_Val/545_cropped.jpg,0.5159179290755463,0.4840820709244538
545,0,-0.040366169065237045,-0.10221514850854874,/home/magali/CV4Ecology-summer-school/PrototypeCroppedImages/PrototypeCroppedImages_Sex_Val/546_cropped.jpg,0.5154573177732923,0.4845426822267079
546,0,0.04858154430985451,0.025702781975269318,/home/magali/CV4Ecology-summer-school/PrototypeCroppedImages/PrototypeCroppedImages_Sex_Val/547_cropped.jpg,0.5057194411048666,0.4942805588951335
547,0,0.07444946467876434,0.04598868638277054,/home/magali/CV4Ecology-summer-school/PrototypeCroppedImages/PrototypeCroppedImages_Sex_Val/548_cropped.jpg,0.507114714327837,0.4928852856721629
548,0,-0.27818095684051514,-0.2131005823612213,/home/magali/CV4Ecology-summer-school/PrototypeCroppedImages/PrototypeCroppedImages_Sex_Val/549_cropped.jpg,0.48373564655327167,0.5162643534467284
549,0,-0.6292508840560913,-0.3885444700717926,/home/magali/CV4Ecology-summer-school/PrototypeCroppedImages/PrototypeCroppedImages_Sex_Val/550_cropped.jpg,0.44011227346140347,0.5598877265385965
550,0,-0.3575493395328522,-0.19297927618026733,/home/magali/CV4Ecology-summer-school/PrototypeCroppedImages/PrototypeCroppedImages_Sex_Val/551_cropped.jpg,0.4589500896416726,0.5410499103583274
551,0,0.009211549535393715,-0.1357795000076294,/home/magali/CV4Ecology-summer-school/PrototypeCroppedImages/PrototypeCroppedImages_Sex_Val/552_cropped.jpg,0.5361843943371978,0.4638156056628023
552,0,-0.6673029661178589,-0.09618101269006729,/home/magali/CV4Ecology-summer-school/PrototypeCroppedImages/PrototypeCroppedImages_Sex_Val/553_cropped.jpg,0.36097798027850225,0.6390220197214977
553,0,-0.3456699550151825,-0.15468302369117737,/home/magali/CV4Ecology-summer-school/PrototypeCroppedImages/PrototypeCroppedImages_Sex_Val/554_cropped.jpg,0.45239787390804537,0.5476021260919547
554,0,-0.18750706315040588,-0.27068760991096497,/home/magali/CV4Ecology-summer-school/PrototypeCroppedImages/PrototypeCroppedImages_Sex_Val/555_cropped.jpg,0.5207831548452625,0.4792168451547375
555,0,0.1116916686296463,-0.10037718713283539,/home/magali/CV4Ecology-summer-school/PrototypeCroppedImages/PrototypeCroppedImages_Sex_Val/556_cropped.jpg,0.5528194073472258,0.4471805926527742
556,1,-1.404730200767517,-0.8797016143798828,/home/magali/CV4Ecology-summer-school/PrototypeCroppedImages/PrototypeCroppedImages_Sex_Val/557_cropped.jpg,0.37167713580834877,0.6283228641916512
557,1,-0.5211668610572815,-0.441828191280365,/home/magali/CV4Ecology-summer-school/PrototypeCroppedImages/PrototypeCroppedImages_Sex_Val/558_cropped.jpg,0.48017573032615385,0.5198242696738462
558,1,-1.3393601179122925,-0.9101393818855286,/home/magali/CV4Ecology-summer-school/PrototypeCroppedImages/PrototypeCroppedImages_Sex_Val/559_cropped.jpg,0.39431242795377647,0.6056875720462236
559,1,-1.4187374114990234,-0.5598191022872925,/home/magali/CV4Ecology-summer-school/PrototypeCroppedImages/PrototypeCroppedImages_Sex_Val/560_cropped.jpg,0.2975653913921481,0.7024346086078519
560,1,-1.5091570615768433,-0.5725594758987427,/home/magali/CV4Ecology-summer-school/PrototypeCroppedImages/PrototypeCroppedImages_Sex_Val/561_cropped.jpg,0.28158812647904696,0.718411873520953
561,1,-1.7613677978515625,-0.6763487458229065,/home/magali/CV4Ecology-summer-school/PrototypeCroppedImages/PrototypeCroppedImages_Sex_Val/562_cropped.jpg,0.2525573832704068,0.7474426167295932
562,1,-1.6536052227020264,-0.9884588718414307,/home/magali/CV4Ecology-summer-school/PrototypeCroppedImages/PrototypeCroppedImages_Sex_Val/563_cropped.jpg,0.3395845045010198,0.6604154954989802
563,1,-1.4430211782455444,-0.21104517579078674,/home/magali/CV4Ecology-summer-school/PrototypeCroppedImages/PrototypeCroppedImages_Sex_Val/564_cropped.jpg,0.22583576622259655,0.7741642337774034
564,1,-1.2011172771453857,-0.7288253903388977,/home/magali/CV4Ecology-summer-school/PrototypeCroppedImages/PrototypeCroppedImages_Sex_Val/565_cropped.jpg,0.38407392838951715,0.6159260716104829
565,1,-1.083531141281128,-0.9160439968109131,/home/magali/CV4Ecology-summer-school/PrototypeCroppedImages/PrototypeCroppedImages_Sex_Val/566_cropped.jpg,0.4582258221631428,0.5417741778368572
566,0,-0.22496570646762848,-0.23789778351783752,/home/magali/CV4Ecology-summer-school/PrototypeCroppedImages/PrototypeCroppedImages_Sex_Val/567_cropped.jpg,0.5032329742061666,0.49676702579383336
567,0,-0.6551675796508789,-0.27795735001564026,/home/magali/CV4Ecology-summer-school/PrototypeCroppedImages/PrototypeCroppedImages_Sex_Val/568_cropped.jpg,0.40679993157648264,0.5932000684235174
568,0,-0.16420815885066986,-0.14636650681495667,/home/magali/CV4Ecology-summer-school/PrototypeCroppedImages/PrototypeCroppedImages_Sex_Val/569_cropped.jpg,0.4955397053088847,0.5044602946911153
569,0,-0.2777934670448303,-0.33065494894981384,/home/magali/CV4Ecology-summer-school/PrototypeCroppedImages/PrototypeCroppedImages_Sex_Val/570_cropped.jpg,0.5132122939868315,0.48678770601316845
570,0,-0.146586611866951,-0.22400277853012085,/home/magali/CV4Ecology-summer-school/PrototypeCroppedImages/PrototypeCroppedImages_Sex_Val/571_cropped.jpg,0.5193443813005352,0.4806556186994649
571,0,-0.3791908919811249,-0.1945367455482483,/home/magali/CV4Ecology-summer-school/PrototypeCroppedImages/PrototypeCroppedImages_Sex_Val/572_cropped.jpg,0.4539671881097395,0.5460328118902603
572,0,-0.22588901221752167,-0.19864070415496826,/home/magali/CV4Ecology-summer-school/PrototypeCroppedImages/PrototypeCroppedImages_Sex_Val/573_cropped.jpg,0.49318834443347137,0.5068116555665286
573,0,-0.41272568702697754,-0.18204015493392944,/home/magali/CV4Ecology-summer-school/PrototypeCroppedImages/PrototypeCroppedImages_Sex_Val/574_cropped.jpg,0.44258301572822484,0.5574169842717751
574,0,-1.157940149307251,-0.5199187397956848,/home/magali/CV4Ecology-summer-school/PrototypeCroppedImages/PrototypeCroppedImages_Sex_Val/575_cropped.jpg,0.34569393932229064,0.6543060606777094
575,0,-1.4157230854034424,-0.6266135573387146,/home/magali/CV4Ecology-summer-school/PrototypeCroppedImages/PrototypeCroppedImages_Sex_Val/576_cropped.jpg,0.3123599029818361,0.6876400970181641
576,0,-0.8000765442848206,-0.617852509021759,/home/magali/CV4Ecology-summer-school/PrototypeCroppedImages/PrototypeCroppedImages_Sex_Val/577_cropped.jpg,0.45456963354457297,0.5454303664554271
577,0,-0.5947041511535645,-0.31970080733299255,/home/magali/CV4Ecology-summer-school/PrototypeCroppedImages/PrototypeCroppedImages_Sex_Val/578_cropped.jpg,0.4316791961744806,0.5683208038255194
578,0,-1.6731393337249756,-0.7828546762466431,/home/magali/CV4Ecology-summer-school/PrototypeCroppedImages/PrototypeCroppedImages_Sex_Val/579_cropped.jpg,0.2910510876162163,0.7089489123837838
579,0,-0.6553847789764404,-0.23975229263305664,/home/magali/CV4Ecology-summer-school/PrototypeCroppedImages/PrototypeCroppedImages_Sex_Val/580_cropped.jpg,0.3975623286957679,0.6024376713042321
580,0,-1.202230453491211,0.12215196341276169,/home/magali/CV4Ecology-summer-school/PrototypeCroppedImages/PrototypeCroppedImages_Sex_Val/581_cropped.jpg,0.21009009752698132,0.7899099024730187
581,0,-0.8760126233100891,-0.6727967858314514,/home/magali/CV4Ecology-summer-school/PrototypeCroppedImages/PrototypeCroppedImages_Sex_Val/582_cropped.jpg,0.44937015784280304,0.550629842157197
582,0,-1.0567253828048706,-0.5474787354469299,/home/magali/CV4Ecology-summer-school/PrototypeCroppedImages/PrototypeCroppedImages_Sex_Val/583_cropped.jpg,0.3753701455751252,0.6246298544248748
583,0,-2.253042221069336,-0.37516310811042786,/home/magali/CV4Ecology-summer-school/PrototypeCroppedImages/PrototypeCroppedImages_Sex_Val/584_cropped.jpg,0.1326326729857004,0.8673673270142996
584,0,-0.8207520246505737,-0.39497196674346924,/home/magali/CV4Ecology-summer-school/PrototypeCroppedImages/PrototypeCroppedImages_Sex_Val/585_cropped.jpg,0.3951344636924483,0.6048655363075517
585,0,-1.1818426847457886,-0.6038652658462524,/home/magali/CV4Ecology-summer-school/PrototypeCroppedImages/PrototypeCroppedImages_Sex_Val/586_cropped.jpg,0.3593981222158749,0.6406018777841251
586,0,-0.8288031816482544,-0.12628629803657532,/home/magali/CV4Ecology-summer-school/PrototypeCroppedImages/PrototypeCroppedImages_Sex_Val/587_cropped.jpg,0.33125443874616306,0.668745561253837
587,0,-0.9865894913673401,-1.1695353984832764,/home/magali/CV4Ecology-summer-school/PrototypeCroppedImages/PrototypeCroppedImages_Sex_Val/588_cropped.jpg,0.5456093386570454,0.45439066134295464
588,0,-1.0557619333267212,-0.3069891631603241,/home/magali/CV4Ecology-summer-school/PrototypeCroppedImages/PrototypeCroppedImages_Sex_Val/589_cropped.jpg,0.3210887668419992,0.6789112331580008
589,0,-0.8841781616210938,-1.15370512008667,/home/magali/CV4Ecology-summer-school/PrototypeCroppedImages/PrototypeCroppedImages_Sex_Val/590_cropped.jpg,0.566976770274713,0.43302322972528695
590,0,-0.9696793556213379,-1.1484676599502563,/home/magali/CV4Ecology-summer-school/PrototypeCroppedImages/PrototypeCroppedImages_Sex_Val/591_cropped.jpg,0.5445783926459362,0.45542160735406373
591,0,-0.2945704758167267,-0.2674523591995239,/home/magali/CV4Ecology-summer-school/PrototypeCroppedImages/PrototypeCroppedImages_Sex_Val/592_cropped.jpg,0.4932208862829144,0.5067791137170857
592,0,-0.9456244707107544,-1.1357496976852417,/home/magali/CV4Ecology-summer-school/PrototypeCroppedImages/PrototypeCroppedImages_Sex_Val/593_cropped.jpg,0.5473886438506289,0.4526113561493711
593,0,-0.8805887699127197,-0.3524646759033203,/home/magali/CV4Ecology-summer-school/PrototypeCroppedImages/PrototypeCroppedImages_Sex_Val/594_cropped.jpg,0.3709545194940291,0.6290454805059709
594,1,-0.7905666828155518,-0.33498361706733704,/home/magali/CV4Ecology-summer-school/PrototypeCroppedImages/PrototypeCroppedImages_Sex_Val/595_cropped.jpg,0.38803416504083954,0.6119658349591605
595,1,-0.9452152252197266,-0.7803140878677368,/home/magali/CV4Ecology-summer-school/PrototypeCroppedImages/PrototypeCroppedImages_Sex_Val/596_cropped.jpg,0.45886788015103264,0.5411321198489674
596,1,-1.5455095767974854,-0.2926523685455322,/home/magali/CV4Ecology-summer-school/PrototypeCroppedImages/PrototypeCroppedImages_Sex_Val/597_cropped.jpg,0.22220593429562485,0.777794065704375
597,1,-0.6536518335342407,-0.17430609464645386,/home/magali/CV4Ecology-summer-school/PrototypeCroppedImages/PrototypeCroppedImages_Sex_Val/598_cropped.jpg,0.38240663136235115,0.6175933686376489
598,1,-1.2989035844802856,-0.4026045501232147,/home/magali/CV4Ecology-summer-school/PrototypeCroppedImages/PrototypeCroppedImages_Sex_Val/599_cropped.jpg,0.28981164032042234,0.7101883596795776
599,1,-0.9656811952590942,-0.16043278574943542,/home/magali/CV4Ecology-summer-school/PrototypeCroppedImages/PrototypeCroppedImages_Sex_Val/600_cropped.jpg,0.30890395403327736,0.6910960459667227
600,1,-1.0192252397537231,-0.503777027130127,/home/magali/CV4Ecology-summer-school/PrototypeCroppedImages/PrototypeCroppedImages_Sex_Val/601_cropped.jpg,0.3739172083272088,0.6260827916727911
601,1,-1.656498908996582,-1.2310091257095337,/home/magali/CV4Ecology-summer-school/PrototypeCroppedImages/PrototypeCroppedImages_Sex_Val/602_cropped.jpg,0.3952038423725076,0.6047961576274924
602,1,-0.4574493169784546,-0.3614673614501953,/home/magali/CV4Ecology-summer-school/PrototypeCroppedImages/PrototypeCroppedImages_Sex_Val/603_cropped.jpg,0.47602291577110634,0.5239770842288938
603,1,-1.4019792079925537,-0.34545138478279114,/home/magali/CV4Ecology-summer-school/PrototypeCroppedImages/PrototypeCroppedImages_Sex_Val/604_cropped.jpg,0.257973551136336,0.7420264488636641
604,0,-0.9117797017097473,-1.1974128484725952,/home/magali/CV4Ecology-summer-school/PrototypeCroppedImages/PrototypeCroppedImages_Sex_Val/605_cropped.jpg,0.5709267204375875,0.4290732795624124
605,0,-1.3597471714019775,-0.32058364152908325,/home/magali/CV4Ecology-summer-school/PrototypeCroppedImages/PrototypeCroppedImages_Sex_Val/606_cropped.jpg,0.26131142363382875,0.7386885763661711
606,0,-0.6967759728431702,-0.9872103929519653,/home/magali/CV4Ecology-summer-school/PrototypeCroppedImages/PrototypeCroppedImages_Sex_Val/607_cropped.jpg,0.5721024828388446,0.4278975171611555
607,0,-0.8741245269775391,-1.0754655599594116,/home/magali/CV4Ecology-summer-school/PrototypeCroppedImages/PrototypeCroppedImages_Sex_Val/608_cropped.jpg,0.5501659029693694,0.4498340970306306
608,0,-1.3207049369812012,-0.512218713760376,/home/magali/CV4Ecology-summer-school/PrototypeCroppedImages/PrototypeCroppedImages_Sex_Val/609_cropped.jpg,0.30821316612834265,0.6917868338716574
609,0,-0.6563751697540283,-0.0425017774105072,/home/magali/CV4Ecology-summer-school/PrototypeCroppedImages/PrototypeCroppedImages_Sex_Val/610_cropped.jpg,0.3511761318909305,0.6488238681090696
610,0,-1.1494693756103516,-0.4077853560447693,/home/magali/CV4Ecology-summer-school/PrototypeCroppedImages/PrototypeCroppedImages_Sex_Val/611_cropped.jpg,0.3226360048649381,0.677363995135062
611,0,-1.016711950302124,-0.4450044333934784,/home/magali/CV4Ecology-summer-school/PrototypeCroppedImages/PrototypeCroppedImages_Sex_Val/612_cropped.jpg,0.36084291766389875,0.6391570823361012
612,0,-1.1070541143417358,-0.3291102647781372,/home/magali/CV4Ecology-summer-school/PrototypeCroppedImages/PrototypeCroppedImages_Sex_Val/613_cropped.jpg,0.3147632026529384,0.6852367973470617
613,0,-1.5356054306030273,-0.3169355094432831,/home/magali/CV4Ecology-summer-school/PrototypeCroppedImages/PrototypeCroppedImages_Sex_Val/614_cropped.jpg,0.22817060444078047,0.7718293955592196
614,1,-0.42173177003860474,-0.5207996964454651,/home/magali/CV4Ecology-summer-school/PrototypeCroppedImages/PrototypeCroppedImages_Sex_Val/615_cropped.jpg,0.5247467452621204,0.4752532547378797
615,1,-0.8508075475692749,-0.28881335258483887,/home/magali/CV4Ecology-summer-school/PrototypeCroppedImages/PrototypeCroppedImages_Sex_Val/616_cropped.jpg,0.3630861671550846,0.6369138328449154
616,0,-1.5454840660095215,-0.4701572358608246,/home/magali/CV4Ecology-summer-school/PrototypeCroppedImages/PrototypeCroppedImages_Sex_Val/617_cropped.jpg,0.2543913889281726,0.7456086110718275
617,0,-1.7130844593048096,-0.46511536836624146,/home/magali/CV4Ecology-summer-school/PrototypeCroppedImages/PrototypeCroppedImages_Sex_Val/618_cropped.jpg,0.22305189688475233,0.7769481031152476
618,0,-0.49643343687057495,-0.16937357187271118,/home/magali/CV4Ecology-summer-school/PrototypeCroppedImages/PrototypeCroppedImages_Sex_Val/619_cropped.jpg,0.4189561747863218,0.5810438252136783
619,0,-1.298771858215332,-0.7351474761962891,/home/magali/CV4Ecology-summer-school/PrototypeCroppedImages/PrototypeCroppedImages_Sex_Val/620_cropped.jpg,0.3627092631072248,0.6372907368927752
620,0,-1.1754521131515503,-0.02621181309223175,/home/magali/CV4Ecology-summer-school/PrototypeCroppedImages/PrototypeCroppedImages_Sex_Val/621_cropped.jpg,0.24062787270342129,0.7593721272965788
621,0,-1.2242522239685059,-0.1537438929080963,/home/magali/CV4Ecology-summer-school/PrototypeCroppedImages/PrototypeCroppedImages_Sex_Val/622_cropped.jpg,0.2553064256810462,0.7446935743189538
622,0,-1.1496598720550537,-0.3049192726612091,/home/magali/CV4Ecology-summer-school/PrototypeCroppedImages/PrototypeCroppedImages_Sex_Val/623_cropped.jpg,0.30053729931871387,0.6994627006812862
623,0,-1.2614972591400146,-0.14131343364715576,/home/magali/CV4Ecology-summer-school/PrototypeCroppedImages/PrototypeCroppedImages_Sex_Val/624_cropped.jpg,0.2459771874016937,0.7540228125983063
624,0,-1.3449143171310425,-0.05178283900022507,/home/magali/CV4Ecology-summer-school/PrototypeCroppedImages/PrototypeCroppedImages_Sex_Val/625_cropped.jpg,0.2153232472989031,0.7846767527010969
625,0,-1.0383893251419067,-0.2153274118900299,/home/magali/CV4Ecology-summer-school/PrototypeCroppedImages/PrototypeCroppedImages_Sex_Val/626_cropped.jpg,0.305114087525307,0.694885912474693
626,1,-0.9792006015777588,-0.21701973676681519,/home/magali/CV4Ecology-summer-school/PrototypeCroppedImages/PrototypeCroppedImages_Sex_Val/627_cropped.jpg,0.31817296423879093,0.6818270357612091
627,1,-1.2767072916030884,-0.3561781346797943,/home/magali/CV4Ecology-summer-school/PrototypeCroppedImages/PrototypeCroppedImages_Sex_Val/628_cropped.jpg,0.2848500871985245,0.7151499128014756
628,1,-1.1698341369628906,-0.13588955998420715,/home/magali/CV4Ecology-summer-school/PrototypeCroppedImages/PrototypeCroppedImages_Sex_Val/629_cropped.jpg,0.26232008063794154,0.7376799193620585
629,1,-1.1751670837402344,-0.045937709510326385,/home/magali/CV4Ecology-summer-school/PrototypeCroppedImages/PrototypeCroppedImages_Sex_Val/630_cropped.jpg,0.24430334519857677,0.7556966548014232
630,1,-1.1661241054534912,-0.40626251697540283,/home/magali/CV4Ecology-summer-school/PrototypeCroppedImages/PrototypeCroppedImages_Sex_Val/631_cropped.jpg,0.3186763176047282,0.6813236823952719
631,1,-1.2225124835968018,-0.20383891463279724,/home/magali/CV4Ecology-summer-school/PrototypeCroppedImages/PrototypeCroppedImages_Sex_Val/632_cropped.jpg,0.26528585373512714,0.7347141462648729
632,1,-1.2697081565856934,-0.3206513226032257,/home/magali/CV4Ecology-summer-school/PrototypeCroppedImages/PrototypeCroppedImages_Sex_Val/633_cropped.jpg,0.2790745398334797,0.7209254601665203
633,1,-1.045967698097229,-0.27086198329925537,/home/magali/CV4Ecology-summer-school/PrototypeCroppedImages/PrototypeCroppedImages_Sex_Val/634_cropped.jpg,0.31537567394118654,0.6846243260588136
634,1,-1.1496431827545166,-0.5416197776794434,/home/magali/CV4Ecology-summer-school/PrototypeCroppedImages/PrototypeCroppedImages_Sex_Val/635_cropped.jpg,0.35251021768339397,0.647489782316606
635,1,-0.9803773760795593,-0.4684525728225708,/home/magali/CV4Ecology-summer-school/PrototypeCroppedImages/PrototypeCroppedImages_Sex_Val/636_cropped.jpg,0.37474241522421964,0.6252575847757803
636,0,-0.8923866152763367,-0.8397939205169678,/home/magali/CV4Ecology-summer-school/PrototypeCroppedImages/PrototypeCroppedImages_Sex_Val/637_cropped.jpg,0.48685485611688684,0.5131451438831132
637,0,-1.384884238243103,-0.9329636693000793,/home/magali/CV4Ecology-summer-school/PrototypeCroppedImages/PrototypeCroppedImages_Sex_Val/638_cropped.jpg,0.38890423072609526,0.6110957692739047
638,0,-1.37772536277771,-0.925645112991333,/home/magali/CV4Ecology-summer-school/PrototypeCroppedImages/PrototypeCroppedImages_Sex_Val/639_cropped.jpg,0.3888662820126173,0.6111337179873827
639,0,-0.49214744567871094,-0.2791668772697449,/home/magali/CV4Ecology-summer-school/PrototypeCroppedImages/PrototypeCroppedImages_Sex_Val/640_cropped.jpg,0.4469552189376946,0.5530447810623055
640,0,-1.4211714267730713,-1.0007877349853516,/home/magali/CV4Ecology-summer-school/PrototypeCroppedImages/PrototypeCroppedImages_Sex_Val/641_cropped.jpg,0.3964249397069595,0.6035750602930404
641,0,-1.0946015119552612,-0.7644001245498657,/home/magali/CV4Ecology-summer-school/PrototypeCroppedImages/PrototypeCroppedImages_Sex_Val/642_cropped.jpg,0.41819162330716264,0.5818083766928374
642,0,-0.7053589224815369,-0.8567314147949219,/home/magali/CV4Ecology-summer-school/PrototypeCroppedImages/PrototypeCroppedImages_Sex_Val/643_cropped.jpg,0.5377710279886769,0.46222897201132307
643,0,-0.938058614730835,-0.8869560360908508,/home/magali/CV4Ecology-summer-school/PrototypeCroppedImages/PrototypeCroppedImages_Sex_Val/644_cropped.jpg,0.48722713488563796,0.512772865114362
644,0,-1.3488928079605103,-0.891964316368103,/home/magali/CV4Ecology-summer-school/PrototypeCroppedImages/PrototypeCroppedImages_Sex_Val/645_cropped.jpg,0.3877147234760652,0.6122852765239348
645,0,-0.7462580800056458,-0.6152274012565613,/home/magali/CV4Ecology-summer-school/PrototypeCroppedImages/PrototypeCroppedImages_Sex_Val/646_cropped.jpg,0.4672891181259415,0.5327108818740584
646,0,-0.6434944868087769,-0.14178341627120972,/home/magali/CV4Ecology-summer-school/PrototypeCroppedImages/PrototypeCroppedImages_Sex_Val/647_cropped.jpg,0.377138645206702,0.622861354793298
647,0,-1.017616629600525,-0.15484946966171265,/home/magali/CV4Ecology-summer-school/PrototypeCroppedImages/PrototypeCroppedImages_Sex_Val/648_cropped.jpg,0.29676153104344044,0.7032384689565596
648,0,-0.24753166735172272,-0.21701166033744812,/home/magali/CV4Ecology-summer-school/PrototypeCroppedImages/PrototypeCroppedImages_Sex_Val/649_cropped.jpg,0.4923705904516069,0.5076294095483931
649,0,-0.8393711447715759,-0.21500959992408752,/home/magali/CV4Ecology-summer-school/PrototypeCroppedImages/PrototypeCroppedImages_Sex_Val/650_cropped.jpg,0.34879013721014185,0.6512098627898582
650,0,-1.0497303009033203,-0.05926056206226349,/home/magali/CV4Ecology-summer-school/PrototypeCroppedImages/PrototypeCroppedImages_Sex_Val/651_cropped.jpg,0.27081930541933724,0.7291806945806627
651,0,-1.1094497442245483,-0.23930057883262634,/home/magali/CV4Ecology-summer-school/PrototypeCroppedImages/PrototypeCroppedImages_Sex_Val/652_cropped.jpg,0.2952232647345826,0.7047767352654174
652,0,-0.8576910495758057,-0.14069920778274536,/home/magali/CV4Ecology-summer-school/PrototypeCroppedImages/PrototypeCroppedImages_Sex_Val/653_cropped.jpg,0.3280557435028778,0.6719442564971223
653,0,-1.1745128631591797,0.1635926067829132,/home/magali/CV4Ecology-summer-school/PrototypeCroppedImages/PrototypeCroppedImages_Sex_Val/654_cropped.jpg,0.20782178597913983,0.7921782140208603
654,0,-0.8124205470085144,-0.035620175302028656,/home/magali/CV4Ecology-summer-school/PrototypeCroppedImages/PrototypeCroppedImages_Sex_Val/655_cropped.jpg,0.3150098885622985,0.6849901114377015
655,1,-0.422763466835022,-0.2853633463382721,/home/magali/CV4Ecology-summer-school/PrototypeCroppedImages/PrototypeCroppedImages_Sex_Val/656_cropped.jpg,0.4657039086408989,0.534296091359101
656,1,-0.341051310300827,0.40151312947273254,/home/magali/CV4Ecology-summer-school/PrototypeCroppedImages/PrototypeCroppedImages_Sex_Val/657_cropped.jpg,0.32244362611349947,0.6775563738865005
657,1,-0.45506101846694946,-0.7082354426383972,/home/magali/CV4Ecology-summer-school/PrototypeCroppedImages/PrototypeCroppedImages_Sex_Val/658_cropped.jpg,0.5629576800265539,0.4370423199734461
658,1,-0.3759114444255829,-0.31021496653556824,/home/magali/CV4Ecology-summer-school/PrototypeCroppedImages/PrototypeCroppedImages_Sex_Val/659_cropped.jpg,0.4835817852245675,0.5164182147754325
659,0,-0.48057448863983154,0.17765560746192932,/home/magali/CV4Ecology-summer-school/PrototypeCroppedImages/PrototypeCroppedImages_Sex_Val/660_cropped.jpg,0.34113730790550845,0.6588626920944917
660,0,-0.1530340611934662,-0.19506490230560303,/home/magali/CV4Ecology-summer-school/PrototypeCroppedImages/PrototypeCroppedImages_Sex_Val/661_cropped.jpg,0.5105061636485299,0.48949383635147015
661,0,-0.5854318141937256,0.011951029300689697,/home/magali/CV4Ecology-summer-school/PrototypeCroppedImages/PrototypeCroppedImages_Sex_Val/662_cropped.jpg,0.35494268593460665,0.6450573140653934
662,0,-0.251346617937088,0.31049785017967224,/home/magali/CV4Ecology-summer-school/PrototypeCroppedImages/PrototypeCroppedImages_Sex_Val/663_cropped.jpg,0.36312079289208576,0.6368792071079142
663,0,-0.3469286859035492,0.07390984892845154,/home/magali/CV4Ecology-summer-school/PrototypeCroppedImages/PrototypeCroppedImages_Sex_Val/664_cropped.jpg,0.3963161135366881,0.6036838864633118
664,0,-0.19341136515140533,-0.28285694122314453,/home/magali/CV4Ecology-summer-school/PrototypeCroppedImages/PrototypeCroppedImages_Sex_Val/665_cropped.jpg,0.5223464973875055,0.47765350261249456
665,0,-0.19925890862941742,0.11912011355161667,/home/magali/CV4Ecology-summer-school/PrototypeCroppedImages/PrototypeCroppedImages_Sex_Val/666_cropped.jpg,0.42107084328330596,0.5789291567166941
666,0,-0.24863602221012115,-0.10412689298391342,/home/magali/CV4Ecology-summer-school/PrototypeCroppedImages/PrototypeCroppedImages_Sex_Val/667_cropped.jpg,0.4639354568463711,0.5360645431536288
667,0,-0.10505051910877228,0.0359373465180397,/home/magali/CV4Ecology-summer-school/PrototypeCroppedImages/PrototypeCroppedImages_Sex_Val/668_cropped.jpg,0.46481130313138735,0.5351886968686126
668,0,-0.2956220209598541,0.2552834153175354,/home/magali/CV4Ecology-summer-school/PrototypeCroppedImages/PrototypeCroppedImages_Sex_Val/669_cropped.jpg,0.36565436637667587,0.6343456336233242
669,0,-0.3528463840484619,-0.30538246035575867,/home/magali/CV4Ecology-summer-school/PrototypeCroppedImages/PrototypeCroppedImages_Sex_Val/670_cropped.jpg,0.48813624623902074,0.5118637537609793
670,0,-0.4697185158729553,-0.3088296353816986,/home/magali/CV4Ecology-summer-school/PrototypeCroppedImages/PrototypeCroppedImages_Sex_Val/671_cropped.jpg,0.45986431933253624,0.5401356806674638
671,0,0.37623563408851624,0.06446511298418045,/home/magali/CV4Ecology-summer-school/PrototypeCroppedImages/PrototypeCroppedImages_Sex_Val/672_cropped.jpg,0.5773173663158713,0.42268263368412873
672,0,-0.30823206901550293,-0.22242680191993713,/home/magali/CV4Ecology-summer-school/PrototypeCroppedImages/PrototypeCroppedImages_Sex_Val/673_cropped.jpg,0.47856183489826964,0.5214381651017302
673,0,0.30015021562576294,0.10675209015607834,/home/magali/CV4Ecology-summer-school/PrototypeCroppedImages/PrototypeCroppedImages_Sex_Val/674_cropped.jpg,0.5481993921107328,0.45180060788926724
674,0,0.36136960983276367,0.16076454520225525,/home/magali/CV4Ecology-summer-school/PrototypeCroppedImages/PrototypeCroppedImages_Sex_Val/675_cropped.jpg,0.5499837563158699,0.45001624368413007
675,0,-0.33119285106658936,-0.21448206901550293,/home/magali/CV4Ecology-summer-school/PrototypeCroppedImages/PrototypeCroppedImages_Sex_Val/676_cropped.jpg,0.4708553795397183,0.5291446204602817
676,0,-0.3397786617279053,-0.1927310824394226,/home/magali/CV4Ecology-summer-school/PrototypeCroppedImages/PrototypeCroppedImages_Sex_Val/677_cropped.jpg,0.46330420409802847,0.5366957959019716
677,0,0.08980795741081238,0.05040775239467621,/home/magali/CV4Ecology-summer-school/PrototypeCroppedImages/PrototypeCroppedImages_Sex_Val/678_cropped.jpg,0.5098487772030896,0.49015122279691026
678,0,-0.4606093168258667,-0.4323713183403015,/home/magali/CV4Ecology-summer-school/PrototypeCroppedImages/PrototypeCroppedImages_Sex_Val/679_cropped.jpg,0.49294096943587246,0.5070590305641274
679,0,-0.6999152898788452,0.03031104803085327,/home/magali/CV4Ecology-summer-school/PrototypeCroppedImages/PrototypeCroppedImages_Sex_Val/680_cropped.jpg,0.3251450610866234,0.6748549389133766
680,0,0.029624082148075104,0.16943562030792236,/home/magali/CV4Ecology-summer-school/PrototypeCroppedImages/PrototypeCroppedImages_Sex_Val/681_cropped.jpg,0.4651039404967648,0.5348960595032352
681,0,-0.6818428635597229,0.30125805735588074,/home/magali/CV4Ecology-summer-school/PrototypeCroppedImages/PrototypeCroppedImages_Sex_Val/682_cropped.jpg,0.27227692667148196,0.727723073328518
682,0,-0.8553826212882996,0.6692637205123901,/home/magali/CV4Ecology-summer-school/PrototypeCroppedImages/PrototypeCroppedImages_Sex_Val/683_cropped.jpg,0.17877834067090184,0.8212216593290982
683,0,-0.7208859920501709,0.6593837738037109,/home/magali/CV4Ecology-summer-school/PrototypeCroppedImages/PrototypeCroppedImages_Sex_Val/684_cropped.jpg,0.20096567766686046,0.7990343223331395
684,0,-0.9017391800880432,-0.1237761601805687,/home/magali/CV4Ecology-summer-school/PrototypeCroppedImages/PrototypeCroppedImages_Sex_Val/685_cropped.jpg,0.3147590678673565,0.6852409321326435
685,0,-0.6911186575889587,0.06559018045663834,/home/magali/CV4Ecology-summer-school/PrototypeCroppedImages/PrototypeCroppedImages_Sex_Val/686_cropped.jpg,0.31936123918894194,0.6806387608110581
686,0,-0.04692484065890312,0.1061672493815422,/home/magali/CV4Ecology-summer-school/PrototypeCroppedImages/PrototypeCroppedImages_Sex_Val/687_cropped.jpg,0.4618015537111687,0.5381984462888314
687,0,-0.7892143726348877,-0.09473329037427902,/home/magali/CV4Ecology-summer-school/PrototypeCroppedImages/PrototypeCroppedImages_Sex_Val/688_cropped.jpg,0.3330369766622393,0.6669630233377607
688,0,0.0961056500673294,-0.16516441106796265,/home/magali/CV4Ecology-summer-school/PrototypeCroppedImages/PrototypeCroppedImages_Sex_Val/689_cropped.jpg,0.5649484752919169,0.43505152470808306
689,1,-0.7481729984283447,-0.3385710120201111,/home/magali/CV4Ecology-summer-school/PrototypeCroppedImages/PrototypeCroppedImages_Sex_Val/690_cropped.jpg,0.3990075611832069,0.600992438816793
690,1,-0.14513276517391205,0.355278342962265,/home/magali/CV4Ecology-summer-school/PrototypeCroppedImages/PrototypeCroppedImages_Sex_Val/691_cropped.jpg,0.3774440617249773,0.6225559382750226
691,1,-0.5376688838005066,-0.2773837447166443,/home/magali/CV4Ecology-summer-school/PrototypeCroppedImages/PrototypeCroppedImages_Sex_Val/692_cropped.jpg,0.43529361598668664,0.5647063840133134
692,1,0.05796327441930771,0.06889467686414719,/home/magali/CV4Ecology-summer-school/PrototypeCroppedImages/PrototypeCroppedImages_Sex_Val/693_cropped.jpg,0.497267176602091,0.502732823397909
693,1,-0.5559368133544922,-0.23452752828598022,/home/magali/CV4Ecology-summer-school/PrototypeCroppedImages/PrototypeCroppedImages_Sex_Val/694_cropped.jpg,0.42033233272805354,0.5796676672719464
694,1,-0.16916131973266602,0.2179635763168335,/home/magali/CV4Ecology-summer-school/PrototypeCroppedImages/PrototypeCroppedImages_Sex_Val/695_cropped.jpg,0.40440961461875374,0.5955903853812462
695,1,-0.40968620777130127,-0.21055001020431519,/home/magali/CV4Ecology-summer-school/PrototypeCroppedImages/PrototypeCroppedImages_Sex_Val/696_cropped.jpg,0.45037981729596627,0.5496201827040337
696,1,-0.29273363947868347,-0.3346908390522003,/home/magali/CV4Ecology-summer-school/PrototypeCroppedImages/PrototypeCroppedImages_Sex_Val/697_cropped.jpg,0.5104877613781599,0.4895122386218402
697,1,-0.616206705570221,-0.32318106293678284,/home/magali/CV4Ecology-summer-school/PrototypeCroppedImages/PrototypeCroppedImages_Sex_Val/698_cropped.jpg,0.42726330154245795,0.572736698457542
698,1,-0.4145987331867218,-0.25898125767707825,/home/magali/CV4Ecology-summer-school/PrototypeCroppedImages/PrototypeCroppedImages_Sex_Val/699_cropped.jpg,0.4611739530631418,0.5388260469368583
699,0,-0.7187318801879883,-0.6282803416252136,/home/magali/CV4Ecology-summer-school/PrototypeCroppedImages/PrototypeCroppedImages_Sex_Val/700_cropped.jpg,0.477402519996335,0.522597480003665
700,0,-0.8820970058441162,-1.0828863382339478,/home/magali/CV4Ecology-summer-school/PrototypeCroppedImages/PrototypeCroppedImages_Sex_Val/701_cropped.jpg,0.5500293624653928,0.4499706375346072
701,0,-0.6930003762245178,-0.3722791373729706,/home/magali/CV4Ecology-summer-school/PrototypeCroppedImages/PrototypeCroppedImages_Sex_Val/702_cropped.jpg,0.4204999864794916,0.5795000135205084
702,0,-0.7272485494613647,-0.7766844034194946,/home/magali/CV4Ecology-summer-school/PrototypeCroppedImages/PrototypeCroppedImages_Sex_Val/703_cropped.jpg,0.5123564470948413,0.48764355290515865
703,0,-0.46649155020713806,-0.6935358047485352,/home/magali/CV4Ecology-summer-school/PrototypeCroppedImages/PrototypeCroppedImages_Sex_Val/704_cropped.jpg,0.556518482262172,0.443481517737828
704,0,-1.190537691116333,-1.28019380569458,/home/magali/CV4Ecology-summer-school/PrototypeCroppedImages/PrototypeCroppedImages_Sex_Val/705_cropped.jpg,0.5223990266310385,0.47760097336896146
705,0,-0.8315244913101196,-0.7243652939796448,/home/magali/CV4Ecology-summer-school/PrototypeCroppedImages/PrototypeCroppedImages_Sex_Val/706_cropped.jpg,0.4732358070780793,0.5267641929219207
706,0,-1.4765757322311401,-1.0723702907562256,/home/magali/CV4Ecology-summer-school/PrototypeCroppedImages/PrototypeCroppedImages_Sex_Val/707_cropped.jpg,0.4003023580390324,0.5996976419609675
707,0,-1.1142830848693848,-1.2257829904556274,/home/magali/CV4Ecology-summer-school/PrototypeCroppedImages/PrototypeCroppedImages_Sex_Val/708_cropped.jpg,0.5278461332471255,0.47215386675287446
708,0,-1.23272705078125,-0.5699307322502136,/home/magali/CV4Ecology-summer-school/PrototypeCroppedImages/PrototypeCroppedImages_Sex_Val/709_cropped.jpg,0.3401117374076192,0.6598882625923809
709,0,-0.8608543276786804,-0.5918625593185425,/home/magali/CV4Ecology-summer-school/PrototypeCroppedImages/PrototypeCroppedImages_Sex_Val/710_cropped.jpg,0.4331546311558931,0.566845368844107
710,0,-0.861810564994812,-1.0760425329208374,/home/magali/CV4Ecology-summer-school/PrototypeCroppedImages/PrototypeCroppedImages_Sex_Val/711_cropped.jpg,0.5533540892453754,0.44664591075462445
711,0,-0.5863676071166992,-0.3204843997955322,/home/magali/CV4Ecology-summer-school/PrototypeCroppedImages/PrototypeCroppedImages_Sex_Val/712_cropped.jpg,0.4339180394380593,0.5660819605619407
712,0,-1.5224575996398926,-0.6173813343048096,/home/magali/CV4Ecology-summer-school/PrototypeCroppedImages/PrototypeCroppedImages_Sex_Val/713_cropped.jpg,0.28800844139685516,0.7119915586031448
713,0,-0.2782248258590698,-0.24464696645736694,/home/magali/CV4Ecology-summer-school/PrototypeCroppedImages/PrototypeCroppedImages_Sex_Val/714_cropped.jpg,0.4916063237714481,0.508393676228552
714,0,-1.332175374031067,-0.648723840713501,/home/magali/CV4Ecology-summer-school/PrototypeCroppedImages/PrototypeCroppedImages_Sex_Val/715_cropped.jpg,0.3354913919995746,0.6645086080004254
715,0,-0.38520875573158264,-0.009451128542423248,/home/magali/CV4Ecology-summer-school/PrototypeCroppedImages/PrototypeCroppedImages_Sex_Val/716_cropped.jpg,0.4071505119168538,0.5928494880831462
716,0,-1.454205870628357,-0.8281248807907104,/home/magali/CV4Ecology-summer-school/PrototypeCroppedImages/PrototypeCroppedImages_Sex_Val/717_cropped.jpg,0.3483996916903788,0.6516003083096212
717,0,-0.3643367886543274,-0.09400319308042526,/home/magali/CV4Ecology-summer-school/PrototypeCroppedImages/PrototypeCroppedImages_Sex_Val/718_cropped.jpg,0.4328251996412343,0.5671748003587658
718,0,-1.3655126094818115,-0.6738917231559753,/home/magali/CV4Ecology-summer-school/PrototypeCroppedImages/PrototypeCroppedImages_Sex_Val/719_cropped.jpg,0.33367259606639943,0.6663274039336005
719,0,-1.4535229206085205,-0.5433974266052246,/home/magali/CV4Ecology-summer-school/PrototypeCroppedImages/PrototypeCroppedImages_Sex_Val/720_cropped.jpg,0.2869741579794775,0.7130258420205225
720,0,-1.6013550758361816,-0.5875107049942017,/home/magali/CV4Ecology-summer-school/PrototypeCroppedImages/PrototypeCroppedImages_Sex_Val/721_cropped.jpg,0.2662281754861433,0.7337718245138567
721,1,-0.6281753778457642,-0.6814863085746765,/home/magali/CV4Ecology-summer-school/PrototypeCroppedImages/PrototypeCroppedImages_Sex_Val/722_cropped.jpg,0.513324577066254,0.4866754229337461
722,1,-1.0847433805465698,-0.8300541043281555,/home/magali/CV4Ecology-summer-school/PrototypeCroppedImages/PrototypeCroppedImages_Sex_Val/723_cropped.jpg,0.43666964694819954,0.5633303530518003
723,1,-1.2925153970718384,-0.9287021160125732,/home/magali/CV4Ecology-summer-school/PrototypeCroppedImages/PrototypeCroppedImages_Sex_Val/724_cropped.jpg,0.4100367925603549,0.5899632074396451
724,1,-1.3455734252929688,-0.9130544066429138,/home/magali/CV4Ecology-summer-school/PrototypeCroppedImages/PrototypeCroppedImages_Sex_Val/725_cropped.jpg,0.39352497387311824,0.6064750261268818
725,1,-1.4616737365722656,-0.788902759552002,/home/magali/CV4Ecology-summer-school/PrototypeCroppedImages/PrototypeCroppedImages_Sex_Val/726_cropped.jpg,0.33787665063025835,0.6621233493697417
726,0,-0.08012594282627106,-0.08081594854593277,/home/magali/CV4Ecology-summer-school/PrototypeCroppedImages/PrototypeCroppedImages_Sex_Val/727_cropped.jpg,0.5001725014230713,0.4998274985769287
727,0,-1.1392261981964111,0.06823693960905075,/home/magali/CV4Ecology-summer-school/PrototypeCroppedImages/PrototypeCroppedImages_Sex_Val/728_cropped.jpg,0.23015022725367884,0.7698497727463212
728,0,-0.1599796861410141,-0.09430418163537979,/home/magali/CV4Ecology-summer-school/PrototypeCroppedImages/PrototypeCroppedImages_Sex_Val/729_cropped.jpg,0.4835870229189272,0.5164129770810729
729,0,-0.7642595767974854,-0.05758441239595413,/home/magali/CV4Ecology-summer-school/PrototypeCroppedImages/PrototypeCroppedImages_Sex_Val/730_cropped.jpg,0.3303339231065031,0.6696660768934969
730,0,-0.6784400343894958,-0.30406221747398376,/home/magali/CV4Ecology-summer-school/PrototypeCroppedImages/PrototypeCroppedImages_Sex_Val/731_cropped.jpg,0.40748361172516434,0.5925163882748355
731,0,-0.6770028471946716,-0.02344236522912979,/home/magali/CV4Ecology-summer-school/PrototypeCroppedImages/PrototypeCroppedImages_Sex_Val/732_cropped.jpg,0.3421876399868041,0.657812360013196
732,0,-0.338806688785553,-0.09643469005823135,/home/magali/CV4Ecology-summer-school/PrototypeCroppedImages/PrototypeCroppedImages_Sex_Val/733_cropped.jpg,0.43970189199123977,0.5602981080087602
733,0,-0.534561038017273,-0.15264412760734558,/home/magali/CV4Ecology-summer-school/PrototypeCroppedImages/PrototypeCroppedImages_Sex_Val/734_cropped.jpg,0.40566464490569376,0.5943353550943061
734,0,-0.5145263075828552,-0.11901199072599411,/home/magali/CV4Ecology-summer-school/PrototypeCroppedImages/PrototypeCroppedImages_Sex_Val/735_cropped.jpg,0.4023905489600492,0.5976094510399508
735,0,-0.9841511845588684,-0.2453770935535431,/home/magali/CV4Ecology-summer-school/PrototypeCroppedImages/PrototypeCroppedImages_Sex_Val/736_cropped.jpg,0.3232722744511408,0.6767277255488593
736,0,-0.705614447593689,-0.5488734245300293,/home/magali/CV4Ecology-summer-school/PrototypeCroppedImages/PrototypeCroppedImages_Sex_Val/737_cropped.jpg,0.46089477208784696,0.539105227912153
737,0,-0.35292181372642517,-0.3826029896736145,/home/magali/CV4Ecology-summer-school/PrototypeCroppedImages/PrototypeCroppedImages_Sex_Val/738_cropped.jpg,0.5074197492787212,0.49258025072127876
738,0,-0.6473280191421509,-0.35177236795425415,/home/magali/CV4Ecology-summer-school/PrototypeCroppedImages/PrototypeCroppedImages_Sex_Val/739_cropped.jpg,0.4266442989779789,0.5733557010220212
739,0,0.18638260662555695,-0.20398086309432983,/home/magali/CV4Ecology-summer-school/PrototypeCroppedImages/PrototypeCroppedImages_Sex_Val/740_cropped.jpg,0.5963701941693468,0.40362980583065305
740,0,-0.902808427810669,-0.508704423904419,/home/magali/CV4Ecology-summer-school/PrototypeCroppedImages/PrototypeCroppedImages_Sex_Val/741_cropped.jpg,0.4027297369294305,0.5972702630705695
741,0,-0.34374895691871643,-0.3000459372997284,/home/magali/CV4Ecology-summer-school/PrototypeCroppedImages/PrototypeCroppedImages_Sex_Val/742_cropped.jpg,0.4890759837372187,0.5109240162627813
742,0,-0.08105085790157318,-0.08217636495828629,/home/magali/CV4Ecology-summer-school/PrototypeCroppedImages/PrototypeCroppedImages_Sex_Val/743_cropped.jpg,0.500281376734475,0.4997186232655249
743,0,0.03868787735700607,-0.12340859323740005,/home/magali/CV4Ecology-summer-school/PrototypeCroppedImages/PrototypeCroppedImages_Sex_Val/744_cropped.jpg,0.5404356183454608,0.45956438165453917
744,0,0.14514514803886414,-0.10735688358545303,/home/magali/CV4Ecology-summer-school/PrototypeCroppedImages/PrototypeCroppedImages_Sex_Val/745_cropped.jpg,0.562792240034367,0.43720775996563305
745,0,-0.6955759525299072,-0.4733107388019562,/home/magali/CV4Ecology-summer-school/PrototypeCroppedImages/PrototypeCroppedImages_Sex_Val/746_cropped.jpg,0.4446613284917791,0.5553386715082209
746,0,-1.2075575590133667,-0.5308775305747986,/home/magali/CV4Ecology-summer-school/PrototypeCroppedImages/PrototypeCroppedImages_Sex_Val/747_cropped.jpg,0.337002688191873,0.662997311808127
747,0,-0.31068363785743713,0.06966491788625717,/home/magali/CV4Ecology-summer-school/PrototypeCroppedImages/PrototypeCroppedImages_Sex_Val/748_cropped.jpg,0.4060428324101734,0.5939571675898268
748,0,-0.0705561637878418,0.008006535470485687,/home/magali/CV4Ecology-summer-school/PrototypeCroppedImages/PrototypeCroppedImages_Sex_Val/749_cropped.jpg,0.48036942096792656,0.5196305790320734
749,0,-0.3333778381347656,0.015005134046077728,/home/magali/CV4Ecology-summer-school/PrototypeCroppedImages/PrototypeCroppedImages_Sex_Val/750_cropped.jpg,0.41377460096094304,0.5862253990390571
750,0,-0.1527254283428192,0.10800688713788986,/home/magali/CV4Ecology-summer-school/PrototypeCroppedImages/PrototypeCroppedImages_Sex_Val/751_cropped.jpg,0.4351836973598903,0.5648163026401096
751,0,-0.09305714070796967,-0.3134084641933441,/home/magali/CV4Ecology-summer-school/PrototypeCroppedImages/PrototypeCroppedImages_Sex_Val/752_cropped.jpg,0.5548660100685839,0.4451339899314161
752,0,-0.6129485964775085,-0.23029273748397827,/home/magali/CV4Ecology-summer-school/PrototypeCroppedImages/PrototypeCroppedImages_Sex_Val/753_cropped.jpg,0.40548649620756444,0.5945135037924355
753,0,-0.3052206337451935,-0.06980801373720169,/home/magali/CV4Ecology-summer-school/PrototypeCroppedImages/PrototypeCroppedImages_Sex_Val/754_cropped.jpg,0.4414171461934953,0.5585828538065046
754,0,-0.15480047464370728,-0.04158278554677963,/home/magali/CV4Ecology-summer-school/PrototypeCroppedImages/PrototypeCroppedImages_Sex_Val/755_cropped.jpg,0.471725773439321,0.5282742265606791
755,0,-0.5136769413948059,-0.6175332069396973,/home/magali/CV4Ecology-summer-school/PrototypeCroppedImages/PrototypeCroppedImages_Sex_Val/756_cropped.jpg,0.5259407538946417,0.4740592461053582
756,1,-0.3797105550765991,-0.5611261129379272,/home/magali/CV4Ecology-summer-school/PrototypeCroppedImages/PrototypeCroppedImages_Sex_Val/757_cropped.jpg,0.5452299083844236,0.4547700916155763
757,1,-0.47858327627182007,-0.3901907503604889,/home/magali/CV4Ecology-summer-school/PrototypeCroppedImages/PrototypeCroppedImages_Sex_Val/758_cropped.jpg,0.4779162454537876,0.5220837545462125
758,1,-0.23429912328720093,-0.10893607884645462,/home/magali/CV4Ecology-summer-school/PrototypeCroppedImages/PrototypeCroppedImages_Sex_Val/759_cropped.jpg,0.4687002201557472,0.5312997798442529
759,1,-0.46390265226364136,0.006336696445941925,/home/magali/CV4Ecology-summer-school/PrototypeCroppedImages/PrototypeCroppedImages_Sex_Val/760_cropped.jpg,0.38455959454396715,0.6154404054560327
760,1,-0.391506552696228,-0.1702117919921875,/home/magali/CV4Ecology-summer-school/PrototypeCroppedImages/PrototypeCroppedImages_Sex_Val/761_cropped.jpg,0.4449009827144047,0.5550990172855953
761,1,-0.6028943657875061,-0.15463638305664062,/home/magali/CV4Ecology-summer-school/PrototypeCroppedImages/PrototypeCroppedImages_Sex_Val/762_cropped.jpg,0.3897750260026551,0.6102249739973448
762,1,-0.5067539811134338,-0.5393266677856445,/home/magali/CV4Ecology-summer-school/PrototypeCroppedImages/PrototypeCroppedImages_Sex_Val/763_cropped.jpg,0.5081424517659661,0.49185754823403405
763,1,-0.6467305421829224,-0.1253596842288971,/home/magali/CV4Ecology-summer-school/PrototypeCroppedImages/PrototypeCroppedImages_Sex_Val/764_cropped.jpg,0.3725317371613189,0.6274682628386811
764,1,-0.2893308103084564,0.02138986438512802,/home/magali/CV4Ecology-summer-school/PrototypeCroppedImages/PrototypeCroppedImages_Sex_Val/765_cropped.jpg,0.4229388401041699,0.5770611598958301
765,1,-0.2747315764427185,-0.8197221755981445,/home/magali/CV4Ecology-summer-school/PrototypeCroppedImages/PrototypeCroppedImages_Sex_Val/766_cropped.jpg,0.6329725926950586,0.3670274073049413
766,0,-0.6766030788421631,-0.25346577167510986,/home/magali/CV4Ecology-summer-school/PrototypeCroppedImages/PrototypeCroppedImages_Sex_Val/767_cropped.jpg,0.39576626435251133,0.6042337356474886
767,0,-0.234226793050766,-0.07955004274845123,/home/magali/CV4Ecology-summer-school/PrototypeCroppedImages/PrototypeCroppedImages_Sex_Val/768_cropped.jpg,0.46140772477873404,0.538592275221266
768,0,0.11252614855766296,0.0005883947014808655,/home/magali/CV4Ecology-summer-school/PrototypeCroppedImages/PrototypeCroppedImages_Sex_Val/769_cropped.jpg,0.5279552544717461,0.4720447455282539
769,1,-0.39408111572265625,-0.3028201162815094,/home/magali/CV4Ecology-summer-school/PrototypeCroppedImages/PrototypeCroppedImages_Sex_Val/770_cropped.jpg,0.47720057182980213,0.522799428170198
770,1,-0.315536767244339,0.017989076673984528,/home/magali/CV4Ecology-summer-school/PrototypeCroppedImages/PrototypeCroppedImages_Sex_Val/771_cropped.jpg,0.4173829791419004,0.5826170208580996
771,1,-0.4439006745815277,-0.12854063510894775,/home/magali/CV4Ecology-summer-school/PrototypeCroppedImages/PrototypeCroppedImages_Sex_Val/772_cropped.jpg,0.4218069561124897,0.5781930438875101
772,1,-0.13899238407611847,-0.18140503764152527,/home/magali/CV4Ecology-summer-school/PrototypeCroppedImages/PrototypeCroppedImages_Sex_Val/773_cropped.jpg,0.5106015742337018,0.4893984257662983
773,1,-0.4553321599960327,-0.26859697699546814,/home/magali/CV4Ecology-summer-school/PrototypeCroppedImages/PrototypeCroppedImages_Sex_Val/774_cropped.jpg,0.4534513883231343,0.5465486116768656
774,1,0.1611531525850296,-0.06337080150842667,/home/magali/CV4Ecology-summer-school/PrototypeCroppedImages/PrototypeCroppedImages_Sex_Val/775_cropped.jpg,0.5558963695571437,0.44410363044285645
775,1,-0.42354241013526917,-0.39739593863487244,/home/magali/CV4Ecology-summer-school/PrototypeCroppedImages/PrototypeCroppedImages_Sex_Val/776_cropped.jpg,0.49346375448946017,0.5065362455105398
776,1,-0.5631493926048279,-0.4323194921016693,/home/magali/CV4Ecology-summer-school/PrototypeCroppedImages/PrototypeCroppedImages_Sex_Val/777_cropped.jpg,0.46733909818242275,0.5326609018175773
777,1,0.043233610689640045,0.011010341346263885,/home/magali/CV4Ecology-summer-school/PrototypeCroppedImages/PrototypeCroppedImages_Sex_Val/778_cropped.jpg,0.5080551203523795,0.49194487964762046
778,1,-0.29982221126556396,-0.008688606321811676,/home/magali/CV4Ecology-summer-school/PrototypeCroppedImages/PrototypeCroppedImages_Sex_Val/779_cropped.jpg,0.42772636448747,0.5722736355125299
779,0,-1.5322058200836182,-1.1100821495056152,/home/magali/CV4Ecology-summer-school/PrototypeCroppedImages/PrototypeCroppedImages_Sex_Val/780_cropped.jpg,0.396008686263426,0.603991313736574
780,0,-1.2970941066741943,-1.1740812063217163,/home/magali/CV4Ecology-summer-school/PrototypeCroppedImages/PrototypeCroppedImages_Sex_Val/781_cropped.jpg,0.4692854965805034,0.5307145034194966
781,0,-1.44919753074646,-0.9365690350532532,/home/magali/CV4Ecology-summer-school/PrototypeCroppedImages/PrototypeCroppedImages_Sex_Val/782_cropped.jpg,0.37457754721001973,0.6254224527899803
782,0,-0.730741560459137,-0.815253734588623,/home/magali/CV4Ecology-summer-school/PrototypeCroppedImages/PrototypeCroppedImages_Sex_Val/783_cropped.jpg,0.5211154772587319,0.478884522741268
783,0,-1.8632042407989502,-1.0793070793151855,/home/magali/CV4Ecology-summer-school/PrototypeCroppedImages/PrototypeCroppedImages_Sex_Val/784_cropped.jpg,0.3134805669502675,0.6865194330497325
784,0,-1.4803436994552612,-1.1981136798858643,/home/magali/CV4Ecology-summer-school/PrototypeCroppedImages/PrototypeCroppedImages_Sex_Val/785_cropped.jpg,0.4299071420570672,0.570092857942933
785,0,-1.3003473281860352,-0.6825919151306152,/home/magali/CV4Ecology-summer-school/PrototypeCroppedImages/PrototypeCroppedImages_Sex_Val/786_cropped.jpg,0.35029211965546514,0.6497078803445347
786,0,-1.4095590114593506,-0.7374404668807983,/home/magali/CV4Ecology-summer-school/PrototypeCroppedImages/PrototypeCroppedImages_Sex_Val/787_cropped.jpg,0.33802262565443075,0.6619773743455694
787,0,-1.756557822227478,-1.0267794132232666,/home/magali/CV4Ecology-summer-school/PrototypeCroppedImages/PrototypeCroppedImages_Sex_Val/788_cropped.jpg,0.3252433559198694,0.6747566440801307
788,0,-1.748872995376587,-1.2944012880325317,/home/magali/CV4Ecology-summer-school/PrototypeCroppedImages/PrototypeCroppedImages_Sex_Val/789_cropped.jpg,0.38829810508194595,0.611701894918054
789,0,-1.1597187519073486,-0.4772656261920929,/home/magali/CV4Ecology-summer-school/PrototypeCroppedImages/PrototypeCroppedImages_Sex_Val/790_cropped.jpg,0.3357140104590779,0.6642859895409221
790,0,-1.7514512538909912,-0.8623283505439758,/home/magali/CV4Ecology-summer-school/PrototypeCroppedImages/PrototypeCroppedImages_Sex_Val/791_cropped.jpg,0.2912908625503662,0.7087091374496338
791,0,-1.5403990745544434,-0.8936296701431274,/home/magali/CV4Ecology-summer-school/PrototypeCroppedImages/PrototypeCroppedImages_Sex_Val/792_cropped.jpg,0.34371791348531605,0.656282086514684
792,0,-1.3447734117507935,-0.7543067336082458,/home/magali/CV4Ecology-summer-school/PrototypeCroppedImages/PrototypeCroppedImages_Sex_Val/793_cropped.jpg,0.356527783835032,0.643472216164968
793,1,-0.6846874356269836,-0.7355626225471497,/home/magali/CV4Ecology-summer-school/PrototypeCroppedImages/PrototypeCroppedImages_Sex_Val/794_cropped.jpg,0.5127160541177164,0.4872839458822836
794,1,-0.7972307801246643,-0.8439375162124634,/home/magali/CV4Ecology-summer-school/PrototypeCroppedImages/PrototypeCroppedImages_Sex_Val/795_cropped.jpg,0.5116745617423997,0.4883254382576004
795,1,-1.1793264150619507,-0.7689509391784668,/home/magali/CV4Ecology-summer-school/PrototypeCroppedImages/PrototypeCroppedImages_Sex_Val/796_cropped.jpg,0.3988220924966075,0.6011779075033924
796,1,-0.691365122795105,-0.7047985792160034,/home/magali/CV4Ecology-summer-school/PrototypeCroppedImages/PrototypeCroppedImages_Sex_Val/797_cropped.jpg,0.5033583136025663,0.4966416863974335
797,1,-0.6458181738853455,-0.15692827105522156,/home/magali/CV4Ecology-summer-school/PrototypeCroppedImages/PrototypeCroppedImages_Sex_Val/798_cropped.jpg,0.38015511302643507,0.6198448869735649
798,1,-1.1972054243087769,-0.9297781586647034,/home/magali/CV4Ecology-summer-school/PrototypeCroppedImages/PrototypeCroppedImages_Sex_Val/799_cropped.jpg,0.43353880626078356,0.5664611937392164
799,1,-0.9596759080886841,-0.8233759999275208,/home/magali/CV4Ecology-summer-school/PrototypeCroppedImages/PrototypeCroppedImages_Sex_Val/800_cropped.jpg,0.46597767793348727,0.5340223220665127
800,1,-0.7626901865005493,-0.8153488636016846,/home/magali/CV4Ecology-summer-school/PrototypeCroppedImages/PrototypeCroppedImages_Sex_Val/801_cropped.jpg,0.5131616280528452,0.48683837194715474
801,1,-0.6815868616104126,-0.4400689899921417,/home/magali/CV4Ecology-summer-school/PrototypeCroppedImages/PrototypeCroppedImages_Sex_Val/802_cropped.jpg,0.4399123291055404,0.5600876708944597
802,1,-1.191041350364685,-1.5676121711730957,/home/magali/CV4Ecology-summer-school/PrototypeCroppedImages/PrototypeCroppedImages_Sex_Val/803_cropped.jpg,0.5930457610931222,0.40695423890687776
803,1,-0.44292235374450684,-0.3665177524089813,/home/magali/CV4Ecology-summer-school/PrototypeCroppedImages/PrototypeCroppedImages_Sex_Val/804_cropped.jpg,0.48090813641824426,0.5190918635817557
804,0,-0.45307111740112305,-0.278899610042572,/home/magali/CV4Ecology-summer-school/PrototypeCroppedImages/PrototypeCroppedImages_Sex_Val/805_cropped.jpg,0.45656686561559756,0.5434331343844023
805,0,-0.6043527126312256,-0.35221239924430847,/home/magali/CV4Ecology-summer-school/PrototypeCroppedImages/PrototypeCroppedImages_Sex_Val/806_cropped.jpg,0.43729676533927453,0.5627032346607255
806,0,0.12211044132709503,0.10015975683927536,/home/magali/CV4Ecology-summer-school/PrototypeCroppedImages/PrototypeCroppedImages_Sex_Val/807_cropped.jpg,0.5054874507876908,0.49451254921230936
807,0,-0.7174599170684814,-0.4724823534488678,/home/magali/CV4Ecology-summer-school/PrototypeCroppedImages/PrototypeCroppedImages_Sex_Val/808_cropped.jpg,0.43906007544141334,0.5609399245585867
808,0,-0.24121563136577606,-0.2914036810398102,/home/magali/CV4Ecology-summer-school/PrototypeCroppedImages/PrototypeCroppedImages_Sex_Val/809_cropped.jpg,0.5125443794216412,0.48745562057835873
809,0,-0.6128474473953247,-0.26135334372520447,/home/magali/CV4Ecology-summer-school/PrototypeCroppedImages/PrototypeCroppedImages_Sex_Val/810_cropped.jpg,0.4130201517854786,0.5869798482145213
810,0,-0.06527204811573029,0.001500152051448822,/home/magali/CV4Ecology-summer-school/PrototypeCroppedImages/PrototypeCroppedImages_Sex_Val/811_cropped.jpg,0.4833131493949819,0.5166868506050182
811,0,-0.25826528668403625,0.07617206126451492,/home/magali/CV4Ecology-summer-school/PrototypeCroppedImages/PrototypeCroppedImages_Sex_Val/812_cropped.jpg,0.4171613413767966,0.5828386586232034
812,0,-0.42060303688049316,-0.11768774688243866,/home/magali/CV4Ecology-summer-school/PrototypeCroppedImages/PrototypeCroppedImages_Sex_Val/813_cropped.jpg,0.42484497145234235,0.5751550285476577
813,0,-0.30352452397346497,-0.06601428240537643,/home/magali/CV4Ecology-summer-school/PrototypeCroppedImages/PrototypeCroppedImages_Sex_Val/814_cropped.jpg,0.44090000347590397,0.5590999965240959
814,0,0.25227805972099304,-0.016163893043994904,/home/magali/CV4Ecology-summer-school/PrototypeCroppedImages/PrototypeCroppedImages_Sex_Val/815_cropped.jpg,0.566710366729896,0.433289633270104
815,1,-0.5500940084457397,-0.3938066363334656,/home/magali/CV4Ecology-summer-school/PrototypeCroppedImages/PrototypeCroppedImages_Sex_Val/816_cropped.jpg,0.4610074930918585,0.5389925069081414
816,1,-0.6843170523643494,0.3511545956134796,/home/magali/CV4Ecology-summer-school/PrototypeCroppedImages/PrototypeCroppedImages_Sex_Val/817_cropped.jpg,0.2620246870639283,0.7379753129360718
817,1,-0.16171465814113617,0.04536857455968857,/home/magali/CV4Ecology-summer-school/PrototypeCroppedImages/PrototypeCroppedImages_Sex_Val/818_cropped.jpg,0.44841341117321604,0.5515865888267838
818,1,-0.5251591801643372,-0.1463596224784851,/home/magali/CV4Ecology-summer-school/PrototypeCroppedImages/PrototypeCroppedImages_Sex_Val/819_cropped.jpg,0.4064164617513584,0.5935835382486415
819,1,-0.3313446044921875,0.057297058403491974,/home/magali/CV4Ecology-summer-school/PrototypeCroppedImages/PrototypeCroppedImages_Sex_Val/820_cropped.jpg,0.4040443354285453,0.5959556645714548
820,1,-0.7479586005210876,-0.05395551770925522,/home/magali/CV4Ecology-summer-school/PrototypeCroppedImages/PrototypeCroppedImages_Sex_Val/821_cropped.jpg,0.3331431599728248,0.6668568400271752
821,1,-0.8016139268875122,-0.09164238721132278,/home/magali/CV4Ecology-summer-school/PrototypeCroppedImages/PrototypeCroppedImages_Sex_Val/822_cropped.jpg,0.32960512891281674,0.6703948710871833
822,1,-0.5641869902610779,-0.45495134592056274,/home/magali/CV4Ecology-summer-school/PrototypeCroppedImages/PrototypeCroppedImages_Sex_Val/823_cropped.jpg,0.4727182116813333,0.5272817883186667
823,1,-0.1585441529750824,0.1459609866142273,/home/magali/CV4Ecology-summer-school/PrototypeCroppedImages/PrototypeCroppedImages_Sex_Val/824_cropped.jpg,0.42445653546166756,0.5755434645383325
824,1,-0.15883387625217438,0.19622620940208435,/home/magali/CV4Ecology-summer-school/PrototypeCroppedImages/PrototypeCroppedImages_Sex_Val/825_cropped.jpg,0.4121559036831634,0.5878440963168367
825,0,-0.10498309135437012,-0.09727727621793747,/home/magali/CV4Ecology-summer-school/PrototypeCroppedImages/PrototypeCroppedImages_Sex_Val/826_cropped.jpg,0.4980735557485043,0.5019264442514956
826,0,-1.5005666017532349,-1.4136911630630493,/home/magali/CV4Ecology-summer-school/PrototypeCroppedImages/PrototypeCroppedImages_Sex_Val/827_cropped.jpg,0.47829478999721453,0.5217052100027855
827,0,-1.0437695980072021,-0.8549867272377014,/home/magali/CV4Ecology-summer-school/PrototypeCroppedImages/PrototypeCroppedImages_Sex_Val/828_cropped.jpg,0.45294395180062685,0.5470560481993731
828,0,-0.9322705864906311,-0.7788013815879822,/home/magali/CV4Ecology-summer-school/PrototypeCroppedImages/PrototypeCroppedImages_Sex_Val/829_cropped.jpg,0.461707826603214,0.538292173396786
829,0,-1.041843056678772,-0.6149653792381287,/home/magali/CV4Ecology-summer-school/PrototypeCroppedImages/PrototypeCroppedImages_Sex_Val/830_cropped.jpg,0.3948721593085863,0.6051278406914137
830,0,-1.340650200843811,-1.0136303901672363,/home/magali/CV4Ecology-summer-school/PrototypeCroppedImages/PrototypeCroppedImages_Sex_Val/831_cropped.jpg,0.41896592531744253,0.5810340746825575
831,0,-1.068773865699768,-0.7566204071044922,/home/magali/CV4Ecology-summer-school/PrototypeCroppedImages/PrototypeCroppedImages_Sex_Val/832_cropped.jpg,0.422589191269951,0.577410808730049
832,0,-1.66204833984375,-0.6028870344161987,/home/magali/CV4Ecology-summer-school/PrototypeCroppedImages/PrototypeCroppedImages_Sex_Val/833_cropped.jpg,0.25746976294002133,0.7425302370599788
833,0,-1.247538447380066,-0.6343583464622498,/home/magali/CV4Ecology-summer-school/PrototypeCroppedImages/PrototypeCroppedImages_Sex_Val/834_cropped.jpg,0.35133411564607375,0.6486658843539264
834,0,-0.8909250497817993,-1.145458459854126,/home/magali/CV4Ecology-summer-school/PrototypeCroppedImages/PrototypeCroppedImages_Sex_Val/835_cropped.jpg,0.5632920112744741,0.43670798872552585
835,0,-0.46325239539146423,-0.1916649043560028,/home/magali/CV4Ecology-summer-school/PrototypeCroppedImages/PrototypeCroppedImages_Sex_Val/836_cropped.jpg,0.4325174098867014,0.5674825901132986
836,0,-0.5689035058021545,-0.335116446018219,/home/magali/CV4Ecology-summer-school/PrototypeCroppedImages/PrototypeCroppedImages_Sex_Val/837_cropped.jpg,0.4418179954914556,0.5581820045085443
837,0,-1.2995942831039429,-0.434282511472702,/home/magali/CV4Ecology-summer-school/PrototypeCroppedImages/PrototypeCroppedImages_Sex_Val/838_cropped.jpg,0.2962307603148668,0.7037692396851333
838,0,-0.24418476223945618,-0.02541469782590866,/home/magali/CV4Ecology-summer-school/PrototypeCroppedImages/PrototypeCroppedImages_Sex_Val/839_cropped.jpg,0.4455245784733512,0.5544754215266487
839,0,-0.39188307523727417,-0.10662470012903214,/home/magali/CV4Ecology-summer-school/PrototypeCroppedImages/PrototypeCroppedImages_Sex_Val/840_cropped.jpg,0.4291650895892587,0.5708349104107414
840,0,-0.5632310509681702,-0.11930102854967117,/home/magali/CV4Ecology-summer-school/PrototypeCroppedImages/PrototypeCroppedImages_Sex_Val/841_cropped.jpg,0.39080492303670666,0.6091950769632933
841,0,-0.247375950217247,-0.10912598669528961,/home/magali/CV4Ecology-summer-school/PrototypeCroppedImages/PrototypeCroppedImages_Sex_Val/842_cropped.jpg,0.46549245366441555,0.5345075463355844
842,0,-0.33530205488204956,-0.1519850492477417,/home/magali/CV4Ecology-summer-school/PrototypeCroppedImages/PrototypeCroppedImages_Sex_Val/843_cropped.jpg,0.45429866023509435,0.5457013397649056
843,0,-1.7699553966522217,-0.37474173307418823,/home/magali/CV4Ecology-summer-school/PrototypeCroppedImages/PrototypeCroppedImages_Sex_Val/844_cropped.jpg,0.19857672941649604,0.801423270583504
844,0,-0.4439930021762848,-0.09777336567640305,/home/magali/CV4Ecology-summer-school/PrototypeCroppedImages/PrototypeCroppedImages_Sex_Val/845_cropped.jpg,0.41429944856849377,0.5857005514315061
845,0,-1.5813920497894287,-0.825969934463501,/home/magali/CV4Ecology-summer-school/PrototypeCroppedImages/PrototypeCroppedImages_Sex_Val/846_cropped.jpg,0.3196409986272884,0.6803590013727117
846,0,-1.1139509677886963,-0.8655032515525818,/home/magali/CV4Ecology-summer-school/PrototypeCroppedImages/PrototypeCroppedImages_Sex_Val/847_cropped.jpg,0.438205605857099,0.5617943941429011
847,0,-0.921023964881897,-0.8204530477523804,/home/magali/CV4Ecology-summer-school/PrototypeCroppedImages/PrototypeCroppedImages_Sex_Val/848_cropped.jpg,0.47487844150224956,0.5251215584977503
848,0,-1.4894953966140747,-0.6785939931869507,/home/magali/CV4Ecology-summer-school/PrototypeCroppedImages/PrototypeCroppedImages_Sex_Val/849_cropped.jpg,0.30769844536188584,0.6923015546381142
849,0,-0.8635185956954956,-0.8514691591262817,/home/magali/CV4Ecology-summer-school/PrototypeCroppedImages/PrototypeCroppedImages_Sex_Val/850_cropped.jpg,0.496987677303932,0.503012322696068
850,0,-1.0904436111450195,-0.7416618466377258,/home/magali/CV4Ecology-summer-school/PrototypeCroppedImages/PrototypeCroppedImages_Sex_Val/851_cropped.jpg,0.41367787115570703,0.5863221288442929
851,0,-1.546370267868042,-0.42545589804649353,/home/magali/CV4Ecology-summer-school/PrototypeCroppedImages/PrototypeCroppedImages_Sex_Val/852_cropped.jpg,0.24584171672992808,0.754158283270072
852,0,-1.1460320949554443,-0.8060612082481384,/home/magali/CV4Ecology-summer-school/PrototypeCroppedImages/PrototypeCroppedImages_Sex_Val/853_cropped.jpg,0.4158165490487955,0.5841834509512045
853,0,-1.1940276622772217,-0.48275026679039,/home/magali/CV4Ecology-summer-school/PrototypeCroppedImages/PrototypeCroppedImages_Sex_Val/854_cropped.jpg,0.32931664394800747,0.6706833560519925
854,0,-0.8688811659812927,-0.7971160411834717,/home/magali/CV4Ecology-summer-school/PrototypeCroppedImages/PrototypeCroppedImages_Sex_Val/855_cropped.jpg,0.4820664149852676,0.5179335850147323
855,1,0.1845792979001999,-0.06083523482084274,/home/magali/CV4Ecology-summer-school/PrototypeCroppedImages/PrototypeCroppedImages_Sex_Val/856_cropped.jpg,0.5610475412055547,0.43895245879444544
856,1,0.08072938024997711,-0.1522323191165924,/home/magali/CV4Ecology-summer-school/PrototypeCroppedImages/PrototypeCroppedImages_Sex_Val/857_cropped.jpg,0.5579784486060007,0.44202155139399946
857,1,0.11785721778869629,0.051999859511852264,/home/magali/CV4Ecology-summer-school/PrototypeCroppedImages/PrototypeCroppedImages_Sex_Val/858_cropped.jpg,0.5164583913993726,0.48354160860062745
858,1,-0.8062249422073364,-0.11151332408189774,/home/magali/CV4Ecology-summer-school/PrototypeCroppedImages/PrototypeCroppedImages_Sex_Val/859_cropped.jpg,0.3329857712350891,0.6670142287649109
859,1,0.06793242692947388,-0.02132216840982437,/home/magali/CV4Ecology-summer-school/PrototypeCroppedImages/PrototypeCroppedImages_Sex_Val/860_cropped.jpg,0.5222988473704557,0.47770115262954427
860,1,-1.7099909782409668,-1.0816453695297241,/home/magali/CV4Ecology-summer-school/PrototypeCroppedImages/PrototypeCroppedImages_Sex_Val/861_cropped.jpg,0.3478857605837005,0.6521142394162995
861,1,-0.9370711445808411,-0.42832496762275696,/home/magali/CV4Ecology-summer-school/PrototypeCroppedImages/PrototypeCroppedImages_Sex_Val/862_cropped.jpg,0.375487496885418,0.624512503114582
862,1,-0.6329452395439148,-0.6738663911819458,/home/magali/CV4Ecology-summer-school/PrototypeCroppedImages/PrototypeCroppedImages_Sex_Val/863_cropped.jpg,0.5102288605624407,0.4897711394375593
863,1,-0.6827481985092163,-0.6439369916915894,/home/magali/CV4Ecology-summer-school/PrototypeCroppedImages/PrototypeCroppedImages_Sex_Val/864_cropped.jpg,0.4902984160642473,0.5097015839357527
864,1,-0.625403106212616,-0.6115087270736694,/home/magali/CV4Ecology-summer-school/PrototypeCroppedImages/PrototypeCroppedImages_Sex_Val/865_cropped.jpg,0.4965264610967325,0.5034735389032676
865,1,-0.6281440258026123,-0.44474703073501587,/home/magali/CV4Ecology-summer-school/PrototypeCroppedImages/PrototypeCroppedImages_Sex_Val/866_cropped.jpg,0.45427883001620134,0.5457211699837986
866,1,-0.7760857939720154,-0.35294726490974426,/home/magali/CV4Ecology-summer-school/PrototypeCroppedImages/PrototypeCroppedImages_Sex_Val/867_cropped.jpg,0.39576597215423437,0.6042340278457655
867,1,-0.37077444791793823,-0.6164286136627197,/home/magali/CV4Ecology-summer-school/PrototypeCroppedImages/PrototypeCroppedImages_Sex_Val/868_cropped.jpg,0.5611065555329849,0.43889344446701506
868,1,-0.7532472610473633,-0.696826159954071,/home/magali/CV4Ecology-summer-school/PrototypeCroppedImages/PrototypeCroppedImages_Sex_Val/869_cropped.jpg,0.48589846536058834,0.5141015346394117
869,1,-0.7316092252731323,-0.8442836403846741,/home/magali/CV4Ecology-summer-school/PrototypeCroppedImages/PrototypeCroppedImages_Sex_Val/870_cropped.jpg,0.5281388402985889,0.4718611597014111
870,1,-0.793250322341919,-0.5296584367752075,/home/magali/CV4Ecology-summer-school/PrototypeCroppedImages/PrototypeCroppedImages_Sex_Val/871_cropped.jpg,0.4344809490610797,0.5655190509389203
871,1,-0.4879298210144043,-0.5020724534988403,/home/magali/CV4Ecology-summer-school/PrototypeCroppedImages/PrototypeCroppedImages_Sex_Val/872_cropped.jpg,0.5035355991905116,0.49646440080948834
872,1,-0.47254425287246704,-0.10269362479448318,/home/magali/CV4Ecology-summer-school/PrototypeCroppedImages/PrototypeCroppedImages_Sex_Val/873_cropped.jpg,0.40857711558275334,0.5914228844172466
873,1,-0.3541065454483032,-0.271504670381546,/home/magali/CV4Ecology-summer-school/PrototypeCroppedImages/PrototypeCroppedImages_Sex_Val/874_cropped.jpg,0.4793612648598626,0.5206387351401374
874,1,-0.455549418926239,-0.12588366866111755,/home/magali/CV4Ecology-summer-school/PrototypeCroppedImages/PrototypeCroppedImages_Sex_Val/875_cropped.jpg,0.4183219534893845,0.5816780465106155
875,1,-0.13434405624866486,-0.20316281914710999,/home/magali/CV4Ecology-summer-school/PrototypeCroppedImages/PrototypeCroppedImages_Sex_Val/876_cropped.jpg,0.5171979037892376,0.48280209621076237
876,1,-0.448842316865921,-0.6024699807167053,/home/magali/CV4Ecology-summer-school/PrototypeCroppedImages/PrototypeCroppedImages_Sex_Val/877_cropped.jpg,0.5383315555479197,0.4616684444520802
877,1,-0.47161930799484253,-0.11423138529062271,/home/magali/CV4Ecology-summer-school/PrototypeCroppedImages/PrototypeCroppedImages_Sex_Val/878_cropped.jpg,0.41159202293450337,0.5884079770654967
878,1,-0.5692083835601807,-0.06449169665575027,/home/magali/CV4Ecology-summer-school/PrototypeCroppedImages/PrototypeCroppedImages_Sex_Val/879_cropped.jpg,0.3764328717862151,0.6235671282137849
879,1,-0.5059715509414673,0.016978077590465546,/home/magali/CV4Ecology-summer-school/PrototypeCroppedImages/PrototypeCroppedImages_Sex_Val/880_cropped.jpg,0.3721627709592428,0.6278372290407573
880,1,-0.7908483147621155,-0.18156152963638306,/home/magali/CV4Ecology-summer-school/PrototypeCroppedImages/PrototypeCroppedImages_Sex_Val/881_cropped.jpg,0.3522219090355142,0.6477780909644859
881,1,-0.5214358568191528,-0.19747444987297058,/home/magali/CV4Ecology-summer-school/PrototypeCroppedImages/PrototypeCroppedImages_Sex_Val/882_cropped.jpg,0.41971062715955854,0.5802893728404416
882,1,-0.7445330023765564,-0.8823046684265137,/home/magali/CV4Ecology-summer-school/PrototypeCroppedImages/PrototypeCroppedImages_Sex_Val/883_cropped.jpg,0.5343885395483028,0.46561146045169727
883,1,-1.2988669872283936,-0.4903537631034851,/home/magali/CV4Ecology-summer-school/PrototypeCroppedImages/PrototypeCroppedImages_Sex_Val/884_cropped.jpg,0.30820740908450917,0.6917925909154908
884,1,-0.9072410464286804,-0.3140244781970978,/home/magali/CV4Ecology-summer-school/PrototypeCroppedImages/PrototypeCroppedImages_Sex_Val/885_cropped.jpg,0.3558971650087832,0.6441028349912169
885,1,-0.7791141271591187,-0.4581764042377472,/home/magali/CV4Ecology-summer-school/PrototypeCroppedImages/PrototypeCroppedImages_Sex_Val/886_cropped.jpg,0.4204472346040347,0.5795527653959652
886,1,-0.8565604090690613,-0.5111777186393738,/home/magali/CV4Ecology-summer-school/PrototypeCroppedImages/PrototypeCroppedImages_Sex_Val/887_cropped.jpg,0.4145025526210304,0.5854974473789695
887,1,-0.24778078496456146,0.10284655541181564,/home/magali/CV4Ecology-summer-school/PrototypeCroppedImages/PrototypeCroppedImages_Sex_Val/888_cropped.jpg,0.4132303009466062,0.5867696990533938
888,1,-0.6607537865638733,-0.5944762229919434,/home/magali/CV4Ecology-summer-school/PrototypeCroppedImages/PrototypeCroppedImages_Sex_Val/889_cropped.jpg,0.4834366718287746,0.5165633281712254
889,1,-0.1545264571905136,-0.0747964009642601,/home/magali/CV4Ecology-summer-school/PrototypeCroppedImages/PrototypeCroppedImages_Sex_Val/890_cropped.jpg,0.48007803828858175,0.5199219617114181
890,1,-0.7569639682769775,-0.22615453600883484,/home/magali/CV4Ecology-summer-school/PrototypeCroppedImages/PrototypeCroppedImages_Sex_Val/891_cropped.jpg,0.37032812060144527,0.6296718793985547
891,1,-0.9314993619918823,-0.20929944515228271,/home/magali/CV4Ecology-summer-school/PrototypeCroppedImages/PrototypeCroppedImages_Sex_Val/892_cropped.jpg,0.32690873032210316,0.6730912696778968
892,1,-0.16908477246761322,-0.15619483590126038,/home/magali/CV4Ecology-summer-school/PrototypeCroppedImages/PrototypeCroppedImages_Sex_Val/893_cropped.jpg,0.4967775604757736,0.5032224395242264
893,1,-1.2019102573394775,-0.6873462200164795,/home/magali/CV4Ecology-summer-school/PrototypeCroppedImages/PrototypeCroppedImages_Sex_Val/894_cropped.jpg,0.37412421959621595,0.625875780403784
894,1,-1.2804208993911743,-0.7291392087936401,/home/magali/CV4Ecology-summer-school/PrototypeCroppedImages/PrototypeCroppedImages_Sex_Val/895_cropped.jpg,0.365567098128803,0.6344329018711972
895,1,-0.27313390374183655,-0.09968281537294388,/home/magali/CV4Ecology-summer-school/PrototypeCroppedImages/PrototypeCroppedImages_Sex_Val/896_cropped.jpg,0.45674561692326476,0.5432543830767352
896,0,0.0053228288888931274,-0.0545768216252327,/home/magali/CV4Ecology-summer-school/PrototypeCroppedImages/PrototypeCroppedImages_Sex_Val/897_cropped.jpg,0.5149704367753393,0.4850295632246608
897,0,-0.13089480996131897,-0.17320594191551208,/home/magali/CV4Ecology-summer-school/PrototypeCroppedImages/PrototypeCroppedImages_Sex_Val/898_cropped.jpg,0.5105762052139724,0.48942379478602765
898,0,0.03264150768518448,-0.16949230432510376,/home/magali/CV4Ecology-summer-school/PrototypeCroppedImages/PrototypeCroppedImages_Sex_Val/899_cropped.jpg,0.5503620947917249,0.44963790520827523
899,0,-0.2679249942302704,-0.4685194790363312,/home/magali/CV4Ecology-summer-school/PrototypeCroppedImages/PrototypeCroppedImages_Sex_Val/900_cropped.jpg,0.5499811377907518,0.45001886220924836
900,0,-0.1743602305650711,-0.1569356918334961,/home/magali/CV4Ecology-summer-school/PrototypeCroppedImages/PrototypeCroppedImages_Sex_Val/901_cropped.jpg,0.4956439755292494,0.5043560244707507
901,0,-0.24564985930919647,-0.21225520968437195,/home/magali/CV4Ecology-summer-school/PrototypeCroppedImages/PrototypeCroppedImages_Sex_Val/902_cropped.jpg,0.49165211337812986,0.5083478866218701
902,0,-0.26190054416656494,0.011201910674571991,/home/magali/CV4Ecology-summer-school/PrototypeCroppedImages/PrototypeCroppedImages_Sex_Val/903_cropped.jpg,0.4321456060108994,0.5678543939891006
903,0,-0.3352775573730469,-0.15791887044906616,/home/magali/CV4Ecology-summer-school/PrototypeCroppedImages/PrototypeCroppedImages_Sex_Val/904_cropped.jpg,0.4557761932596678,0.5442238067403322
904,0,-0.32480332255363464,-0.25702381134033203,/home/magali/CV4Ecology-summer-school/PrototypeCroppedImages/PrototypeCroppedImages_Sex_Val/905_cropped.jpg,0.4830616063696203,0.5169383936303796
905,0,-0.22181794047355652,-0.3340679109096527,/home/magali/CV4Ecology-summer-school/PrototypeCroppedImages/PrototypeCroppedImages_Sex_Val/906_cropped.jpg,0.528033063940877,0.471966936059123
906,0,-0.16797514259815216,-0.36180242896080017,/home/magali/CV4Ecology-summer-school/PrototypeCroppedImages/PrototypeCroppedImages_Sex_Val/907_cropped.jpg,0.5483056831150774,0.4516943168849225
907,0,-0.11126168072223663,-0.3442218005657196,/home/magali/CV4Ecology-summer-school/PrototypeCroppedImages/PrototypeCroppedImages_Sex_Val/908_cropped.jpg,0.5579780590347609,0.44202194096523906
908,0,-0.020879507064819336,-0.07492514699697495,/home/magali/CV4Ecology-summer-school/PrototypeCroppedImages/PrototypeCroppedImages_Sex_Val/909_cropped.jpg,0.5135081221184885,0.4864918778815116
909,0,0.05434747785329819,-0.08298183232545853,/home/magali/CV4Ecology-summer-school/PrototypeCroppedImages/PrototypeCroppedImages_Sex_Val/910_cropped.jpg,0.5342784720254669,0.4657215279745332
910,0,-0.17745546996593475,-0.2457420527935028,/home/magali/CV4Ecology-summer-school/PrototypeCroppedImages/PrototypeCroppedImages_Sex_Val/911_cropped.jpg,0.5170650149601846,0.4829349850398154
911,1,-0.29618459939956665,0.05307219177484512,/home/magali/CV4Ecology-summer-school/PrototypeCroppedImages/PrototypeCroppedImages_Sex_Val/912_cropped.jpg,0.4135626588813356,0.5864373411186644
912,1,-0.35878047347068787,-0.34321147203445435,/home/magali/CV4Ecology-summer-school/PrototypeCroppedImages/PrototypeCroppedImages_Sex_Val/913_cropped.jpg,0.49610782826048405,0.503892171739516
913,1,0.007808934897184372,0.0730837881565094,/home/magali/CV4Ecology-summer-school/PrototypeCroppedImages/PrototypeCroppedImages_Sex_Val/914_cropped.jpg,0.48368707845735603,0.516312921542644
914,1,0.061314333230257034,0.1214480921626091,/home/magali/CV4Ecology-summer-school/PrototypeCroppedImages/PrototypeCroppedImages_Sex_Val/915_cropped.jpg,0.4849710887922757,0.5150289112077244
915,1,-0.2529943585395813,-0.4328996539115906,/home/magali/CV4Ecology-summer-school/PrototypeCroppedImages/PrototypeCroppedImages_Sex_Val/916_cropped.jpg,0.5448554068627909,0.4551445931372091
916,1,-0.17121270298957825,-0.031877703964710236,/home/magali/CV4Ecology-summer-school/PrototypeCroppedImages/PrototypeCroppedImages_Sex_Val/917_cropped.jpg,0.4652224969514127,0.5347775030485873
917,1,0.15303532779216766,0.24010434746742249,/home/magali/CV4Ecology-summer-school/PrototypeCroppedImages/PrototypeCroppedImages_Sex_Val/918_cropped.jpg,0.4782464861531838,0.5217535138468162
918,1,0.0680595338344574,0.11041257530450821,/home/magali/CV4Ecology-summer-school/PrototypeCroppedImages/PrototypeCroppedImages_Sex_Val/919_cropped.jpg,0.4894133220995424,0.5105866779004576
919,1,-0.3878183662891388,0.02498992532491684,/home/magali/CV4Ecology-summer-school/PrototypeCroppedImages/PrototypeCroppedImages_Sex_Val/920_cropped.jpg,0.3982389370528045,0.6017610629471956
920,1,-0.49739664793014526,-0.19213983416557312,/home/magali/CV4Ecology-summer-school/PrototypeCroppedImages/PrototypeCroppedImages_Sex_Val/921_cropped.jpg,0.42427291701858466,0.5757270829814153
921,1,-1.0956223011016846,0.18598029017448425,/home/magali/CV4Ecology-summer-school/PrototypeCroppedImages/PrototypeCroppedImages_Sex_Val/922_cropped.jpg,0.2172775505704942,0.7827224494295058
922,1,-0.7672827839851379,-0.5326003432273865,/home/magali/CV4Ecology-summer-school/PrototypeCroppedImages/PrototypeCroppedImages_Sex_Val/923_cropped.jpg,0.4415971927604922,0.5584028072395079
923,1,-0.29270699620246887,-0.5703247785568237,/home/magali/CV4Ecology-summer-school/PrototypeCroppedImages/PrototypeCroppedImages_Sex_Val/924_cropped.jpg,0.5689620950468738,0.4310379049531262
924,1,-0.7376952171325684,-0.07208390533924103,/home/magali/CV4Ecology-summer-school/PrototypeCroppedImages/PrototypeCroppedImages_Sex_Val/925_cropped.jpg,0.33948023694739604,0.6605197630526041
925,1,-0.3013472855091095,-0.5246536135673523,/home/magali/CV4Ecology-summer-school/PrototypeCroppedImages/PrototypeCroppedImages_Sex_Val/926_cropped.jpg,0.5555957469806597,0.4444042530193402
926,1,-0.8456969261169434,-0.3140096068382263,/home/magali/CV4Ecology-summer-school/PrototypeCroppedImages/PrototypeCroppedImages_Sex_Val/927_cropped.jpg,0.3701234336542116,0.6298765663457885
927,1,-0.25070449709892273,-0.20450618863105774,/home/magali/CV4Ecology-summer-school/PrototypeCroppedImages/PrototypeCroppedImages_Sex_Val/928_cropped.jpg,0.4884524766175633,0.5115475233824367
928,1,-0.6134626269340515,0.01438402384519577,/home/magali/CV4Ecology-summer-school/PrototypeCroppedImages/PrototypeCroppedImages_Sex_Val/929_cropped.jpg,0.3479989633975125,0.6520010366024875
929,1,-0.8790591955184937,-0.01334301382303238,/home/magali/CV4Ecology-summer-school/PrototypeCroppedImages/PrototypeCroppedImages_Sex_Val/930_cropped.jpg,0.29614645662259437,0.7038535433774057
930,1,-1.0919814109802246,-0.049231432378292084,/home/magali/CV4Ecology-summer-school/PrototypeCroppedImages/PrototypeCroppedImages_Sex_Val/931_cropped.jpg,0.2606197323165622,0.7393802676834378
931,1,-0.24284185469150543,-0.4387601315975189,/home/magali/CV4Ecology-summer-school/PrototypeCroppedImages/PrototypeCroppedImages_Sex_Val/932_cropped.jpg,0.5488234990604304,0.4511765009395697
932,1,-0.4511124789714813,-0.49212899804115295,/home/magali/CV4Ecology-summer-school/PrototypeCroppedImages/PrototypeCroppedImages_Sex_Val/933_cropped.jpg,0.5102526924188296,0.48974730758117024
933,0,-0.37928828597068787,-0.14411264657974243,/home/magali/CV4Ecology-summer-school/PrototypeCroppedImages/PrototypeCroppedImages_Sex_Val/934_cropped.jpg,0.44147557885289523,0.5585244211471047
934,0,-0.4465199112892151,-0.3139904737472534,/home/magali/CV4Ecology-summer-school/PrototypeCroppedImages/PrototypeCroppedImages_Sex_Val/935_cropped.jpg,0.46691605046206386,0.533083949537936
935,0,-0.45169833302497864,-0.3866300880908966,/home/magali/CV4Ecology-summer-school/PrototypeCroppedImages/PrototypeCroppedImages_Sex_Val/936_cropped.jpg,0.48373867573155327,0.5162613242684466
936,0,-0.5106204748153687,-0.2625178396701813,/home/magali/CV4Ecology-summer-school/PrototypeCroppedImages/PrototypeCroppedImages_Sex_Val/937_cropped.jpg,0.43829056023214585,0.561709439767854
937,0,-0.8061732053756714,-0.07343130558729172,/home/magali/CV4Ecology-summer-school/PrototypeCroppedImages/PrototypeCroppedImages_Sex_Val/938_cropped.jpg,0.3245933250105822,0.6754066749894179
938,0,-0.15136303007602692,0.014371879398822784,/home/magali/CV4Ecology-summer-school/PrototypeCroppedImages/PrototypeCroppedImages_Sex_Val/939_cropped.jpg,0.4586608548506412,0.5413391451493587
939,0,-0.3305276930332184,-0.25351932644844055,/home/magali/CV4Ecology-summer-school/PrototypeCroppedImages/PrototypeCroppedImages_Sex_Val/940_cropped.jpg,0.48075741691983753,0.5192425830801626
940,0,-0.6775932312011719,-0.4485647976398468,/home/magali/CV4Ecology-summer-school/PrototypeCroppedImages/PrototypeCroppedImages_Sex_Val/941_cropped.jpg,0.44299186619448305,0.557008133805517
941,0,-0.7277820706367493,-0.07127080112695694,/home/magali/CV4Ecology-summer-school/PrototypeCroppedImages/PrototypeCroppedImages_Sex_Val/942_cropped.jpg,0.34152374134009733,0.6584762586599027
942,0,-0.3483543395996094,-0.27562880516052246,/home/magali/CV4Ecology-summer-school/PrototypeCroppedImages/PrototypeCroppedImages_Sex_Val/943_cropped.jpg,0.481826625604095,0.518173374395905
943,1,-1.4673802852630615,0.07294713705778122,/home/magali/CV4Ecology-summer-school/PrototypeCroppedImages/PrototypeCroppedImages_Sex_Val/944_cropped.jpg,0.1764876822501311,0.8235123177498689
944,1,-0.18091841042041779,-0.3294171392917633,/home/magali/CV4Ecology-summer-school/PrototypeCroppedImages/PrototypeCroppedImages_Sex_Val/945_cropped.jpg,0.5370566099295391,0.4629433900704609
945,1,-0.8117644786834717,-0.48918429017066956,/home/magali/CV4Ecology-summer-school/PrototypeCroppedImages/PrototypeCroppedImages_Sex_Val/946_cropped.jpg,0.4200470651608674,0.5799529348391325
946,1,-0.5432725548744202,-0.288339763879776,/home/magali/CV4Ecology-summer-school/PrototypeCroppedImages/PrototypeCroppedImages_Sex_Val/947_cropped.jpg,0.4366097458511249,0.5633902541488751
947,1,-0.40949487686157227,-0.12421197444200516,/home/magali/CV4Ecology-summer-school/PrototypeCroppedImages/PrototypeCroppedImages_Sex_Val/948_cropped.jpg,0.42915908083972515,0.5708409191602748
948,1,-0.9364643692970276,-0.7770783305168152,/home/magali/CV4Ecology-summer-school/PrototypeCroppedImages/PrototypeCroppedImages_Sex_Val/949_cropped.jpg,0.46023763132038054,0.5397623686796195
949,1,-0.7953938245773315,-0.693662166595459,/home/magali/CV4Ecology-summer-school/PrototypeCroppedImages/PrototypeCroppedImages_Sex_Val/950_cropped.jpg,0.47458899729682136,0.5254110027031786
950,1,-0.30798354744911194,-0.4769997298717499,/home/magali/CV4Ecology-summer-school/PrototypeCroppedImages/PrototypeCroppedImages_Sex_Val/951_cropped.jpg,0.5421537447099354,0.4578462552900647
951,1,-1.016972541809082,0.07548248022794724,/home/magali/CV4Ecology-summer-school/PrototypeCroppedImages/PrototypeCroppedImages_Sex_Val/952_cropped.jpg,0.2511562636962824,0.7488437363037175
952,1,-0.7716346979141235,-0.49482980370521545,/home/magali/CV4Ecology-summer-school/PrototypeCroppedImages/PrototypeCroppedImages_Sex_Val/953_cropped.jpg,0.43123727224522973,0.5687627277547703
953,1,-0.9471868276596069,-0.28875109553337097,/home/magali/CV4Ecology-summer-school/PrototypeCroppedImages/PrototypeCroppedImages_Sex_Val/954_cropped.jpg,0.34109109011872824,0.6589089098812717
954,1,-0.7062131762504578,-0.5578621029853821,/home/magali/CV4Ecology-summer-school/PrototypeCroppedImages/PrototypeCroppedImages_Sex_Val/955_cropped.jpg,0.46298010141328466,0.5370198985867154
955,1,-0.9897159934043884,-0.1980169117450714,/home/magali/CV4Ecology-summer-school/PrototypeCroppedImages/PrototypeCroppedImages_Sex_Val/956_cropped.jpg,0.31180396011892964,0.6881960398810704
956,1,-0.7050913572311401,-0.3200826346874237,/home/magali/CV4Ecology-summer-school/PrototypeCroppedImages/PrototypeCroppedImages_Sex_Val/957_cropped.jpg,0.40491942435074413,0.5950805756492559
957,1,-0.2341628074645996,-0.2781062126159668,/home/magali/CV4Ecology-summer-school/PrototypeCroppedImages/PrototypeCroppedImages_Sex_Val/958_cropped.jpg,0.5109840838016523,0.4890159161983478
958,1,-0.6001746654510498,-0.17526179552078247,/home/magali/CV4Ecology-summer-school/PrototypeCroppedImages/PrototypeCroppedImages_Sex_Val/959_cropped.jpg,0.39534174324727206,0.604658256752728
959,1,-0.464120477437973,-0.6776699423789978,/home/magali/CV4Ecology-summer-school/PrototypeCroppedImages/PrototypeCroppedImages_Sex_Val/960_cropped.jpg,0.5531854002161313,0.44681459978386867
960,1,-0.7873660326004028,-0.29271331429481506,/home/magali/CV4Ecology-summer-school/PrototypeCroppedImages/PrototypeCroppedImages_Sex_Val/961_cropped.jpg,0.3787981202603601,0.6212018797396399
961,1,-0.439281165599823,-0.529093325138092,/home/magali/CV4Ecology-summer-school/PrototypeCroppedImages/PrototypeCroppedImages_Sex_Val/962_cropped.jpg,0.5224379594445703,0.4775620405554297
962,1,-0.5329526662826538,-0.5621336102485657,/home/magali/CV4Ecology-summer-school/PrototypeCroppedImages/PrototypeCroppedImages_Sex_Val/963_cropped.jpg,0.5072947183610557,0.4927052816389442
963,0,-1.250407338142395,-0.5307753682136536,/home/magali/CV4Ecology-summer-school/PrototypeCroppedImages/PrototypeCroppedImages_Sex_Val/964_cropped.jpg,0.32747403081065124,0.6725259691893487
964,0,-0.7491312026977539,-0.43971312046051025,/home/magali/CV4Ecology-summer-school/PrototypeCroppedImages/PrototypeCroppedImages_Sex_Val/965_cropped.jpg,0.4232567847441804,0.5767432152558196
965,0,-0.7842216491699219,-0.5812451839447021,/home/magali/CV4Ecology-summer-school/PrototypeCroppedImages/PrototypeCroppedImages_Sex_Val/966_cropped.jpg,0.4494293880214412,0.5505706119785587
966,1,-0.6014718413352966,-0.20899292826652527,/home/magali/CV4Ecology-summer-school/PrototypeCroppedImages/PrototypeCroppedImages_Sex_Val/967_cropped.jpg,0.40312069554918073,0.5968793044508193
967,1,-0.4248707890510559,-0.14117023348808289,/home/magali/CV4Ecology-summer-school/PrototypeCroppedImages/PrototypeCroppedImages_Sex_Val/968_cropped.jpg,0.4295467700248076,0.5704532299751922
968,1,-0.21411170065402985,-0.028159193694591522,/home/magali/CV4Ecology-summer-school/PrototypeCroppedImages/PrototypeCroppedImages_Sex_Val/969_cropped.jpg,0.4536453685091848,0.5463546314908152
969,1,-0.17889834940433502,-0.7376257181167603,/home/magali/CV4Ecology-summer-school/PrototypeCroppedImages/PrototypeCroppedImages_Sex_Val/970_cropped.jpg,0.6361580268543775,0.3638419731456225
970,1,-0.26283013820648193,-0.4054834544658661,/home/magali/CV4Ecology-summer-school/PrototypeCroppedImages/PrototypeCroppedImages_Sex_Val/971_cropped.jpg,0.5356029729174367,0.46439702708256314
971,1,-0.4246000647544861,-0.5726495385169983,/home/magali/CV4Ecology-summer-school/PrototypeCroppedImages/PrototypeCroppedImages_Sex_Val/972_cropped.jpg,0.5369449112083374,0.4630550887916626
972,1,0.035357143729925156,-0.10362768918275833,/home/magali/CV4Ecology-summer-school/PrototypeCroppedImages/PrototypeCroppedImages_Sex_Val/973_cropped.jpg,0.5346903839775636,0.46530961602243637
973,0,-0.3965110778808594,-0.18647313117980957,/home/magali/CV4Ecology-summer-school/PrototypeCroppedImages/PrototypeCroppedImages_Sex_Val/974_cropped.jpg,0.4476827075956667,0.5523172924043334
974,0,-0.7234440445899963,-0.21146586537361145,/home/magali/CV4Ecology-summer-school/PrototypeCroppedImages/PrototypeCroppedImages_Sex_Val/975_cropped.jpg,0.37472990875810425,0.6252700912418958
975,0,-0.12283454835414886,-0.2501666843891144,/home/magali/CV4Ecology-summer-school/PrototypeCroppedImages/PrototypeCroppedImages_Sex_Val/976_cropped.jpg,0.5317900932931121,0.468209906706888
976,0,-0.7577334046363831,-0.6385407447814941,/home/magali/CV4Ecology-summer-school/PrototypeCroppedImages/PrototypeCroppedImages_Sex_Val/977_cropped.jpg,0.47023706326016557,0.5297629367398343
977,0,-0.2702179253101349,0.2430480420589447,/home/magali/CV4Ecology-summer-school/PrototypeCroppedImages/PrototypeCroppedImages_Sex_Val/978_cropped.jpg,0.3744282191694969,0.625571780830503
978,0,-0.4134293794631958,-0.3382575213909149,/home/magali/CV4Ecology-summer-school/PrototypeCroppedImages/PrototypeCroppedImages_Sex_Val/979_cropped.jpg,0.48121588010394256,0.5187841198960573
979,0,-0.5905811786651611,-0.5069234371185303,/home/magali/CV4Ecology-summer-school/PrototypeCroppedImages/PrototypeCroppedImages_Sex_Val/980_cropped.jpg,0.4790977537608712,0.5209022462391287
980,0,-0.8191853761672974,-0.5150814652442932,/home/magali/CV4Ecology-summer-school/PrototypeCroppedImages/PrototypeCroppedImages_Sex_Val/981_cropped.jpg,0.42455455586016205,0.575445444139838
981,0,-0.2609429955482483,-0.2807188928127289,/home/magali/CV4Ecology-summer-school/PrototypeCroppedImages/PrototypeCroppedImages_Sex_Val/982_cropped.jpg,0.50494381319578,0.49505618680422
982,0,-0.08810415863990784,-0.32164713740348816,/home/magali/CV4Ecology-summer-school/PrototypeCroppedImages/PrototypeCroppedImages_Sex_Val/983_cropped.jpg,0.5581218096487237,0.4418781903512763
983,1,-0.27897077798843384,-0.30388960242271423,/home/magali/CV4Ecology-summer-school/PrototypeCroppedImages/PrototypeCroppedImages_Sex_Val/984_cropped.jpg,0.506229383768388,0.49377061623161195
984,1,-0.5209980010986328,-0.3287876546382904,/home/magali/CV4Ecology-summer-school/PrototypeCroppedImages/PrototypeCroppedImages_Sex_Val/985_cropped.jpg,0.4520948100240511,0.547905189975949
985,1,-0.3976157307624817,-0.4069524109363556,/home/magali/CV4Ecology-summer-school/PrototypeCroppedImages/PrototypeCroppedImages_Sex_Val/986_cropped.jpg,0.5023341530871164,0.49766584691288346
986,1,-0.5543389916419983,-0.5556473731994629,/home/magali/CV4Ecology-summer-school/PrototypeCroppedImages/PrototypeCroppedImages_Sex_Val/987_cropped.jpg,0.5003270953427044,0.49967290465729575
987,0,-0.6283934116363525,-0.6978636980056763,/home/magali/CV4Ecology-summer-school/PrototypeCroppedImages/PrototypeCroppedImages_Sex_Val/988_cropped.jpg,0.517360590128603,0.4826394098713969
988,0,-0.5562256574630737,-0.5312709808349609,/home/magali/CV4Ecology-summer-school/PrototypeCroppedImages/PrototypeCroppedImages_Sex_Val/989_cropped.jpg,0.49376165457640864,0.5062383454235914
989,0,-0.9377435445785522,-0.4061707854270935,/home/magali/CV4Ecology-summer-school/PrototypeCroppedImages/PrototypeCroppedImages_Sex_Val/990_cropped.jpg,0.37015014169203064,0.6298498583079694
990,0,-0.5847571492195129,-0.20268326997756958,/home/magali/CV4Ecology-summer-school/PrototypeCroppedImages/PrototypeCroppedImages_Sex_Val/991_cropped.jpg,0.4056268001487905,0.5943731998512094
991,0,-1.00580632686615,-0.8063943386077881,/home/magali/CV4Ecology-summer-school/PrototypeCroppedImages/PrototypeCroppedImages_Sex_Val/992_cropped.jpg,0.4503115495992907,0.5496884504007095
992,0,-0.4856448769569397,-0.7587909698486328,/home/magali/CV4Ecology-summer-school/PrototypeCroppedImages/PrototypeCroppedImages_Sex_Val/993_cropped.jpg,0.5678651025508975,0.43213489744910244
993,0,-0.6684779524803162,-0.6777558922767639,/home/magali/CV4Ecology-summer-school/PrototypeCroppedImages/PrototypeCroppedImages_Sex_Val/994_cropped.jpg,0.5023194683107842,0.4976805316892158
994,0,-0.8810867071151733,-0.40777748823165894,/home/magali/CV4Ecology-summer-school/PrototypeCroppedImages/PrototypeCroppedImages_Sex_Val/995_cropped.jpg,0.38383329554745665,0.6161667044525434
995,0,-0.8882173895835876,-0.5164355039596558,/home/magali/CV4Ecology-summer-school/PrototypeCroppedImages/PrototypeCroppedImages_Sex_Val/996_cropped.jpg,0.4081105254512466,0.5918894745487535
996,0,-0.9758223295211792,-0.33740124106407166,/home/magali/CV4Ecology-summer-school/PrototypeCroppedImages/PrototypeCroppedImages_Sex_Val/997_cropped.jpg,0.3456035416619154,0.6543964583380846
997,1,-0.4479483962059021,-0.4843777120113373,/home/magali/CV4Ecology-summer-school/PrototypeCroppedImages/PrototypeCroppedImages_Sex_Val/998_cropped.jpg,0.5091063218940738,0.4908936781059262
998,1,-0.5071855783462524,-0.6146688461303711,/home/magali/CV4Ecology-summer-school/PrototypeCroppedImages/PrototypeCroppedImages_Sex_Val/999_cropped.jpg,0.5268449776951364,0.4731550223048637
999,1,-0.8790403604507446,-0.7706857919692993,/home/magali/CV4Ecology-summer-school/PrototypeCroppedImages/PrototypeCroppedImages_Sex_Val/1000_cropped.jpg,0.4729378301297189,0.5270621698702812
1000,1,-0.7788475155830383,-0.955536961555481,/home/magali/CV4Ecology-summer-school/PrototypeCroppedImages/PrototypeCroppedImages_Sex_Val/1001_cropped.jpg,0.5440578004601583,0.4559421995398416
1001,1,-0.9957270622253418,-0.7141397595405579,/home/magali/CV4Ecology-summer-school/PrototypeCroppedImages/PrototypeCroppedImages_Sex_Val/1002_cropped.jpg,0.43006467069577337,0.5699353293042267
1002,1,-0.7863322496414185,-0.6691275835037231,/home/magali/CV4Ecology-summer-school/PrototypeCroppedImages/PrototypeCroppedImages_Sex_Val/1003_cropped.jpg,0.4707323298012927,0.5292676701987072
1003,1,-0.5897762775421143,-0.22275537252426147,/home/magali/CV4Ecology-summer-school/PrototypeCroppedImages/PrototypeCroppedImages_Sex_Val/1004_cropped.jpg,0.40926107159956987,0.5907389284004302
1004,1,-0.1575516164302826,0.043541811406612396,/home/magali/CV4Ecology-summer-school/PrototypeCroppedImages/PrototypeCroppedImages_Sex_Val/1005_cropped.jpg,0.4498953759502076,0.5501046240497924
1005,1,-0.1643223762512207,-0.24162188172340393,/home/magali/CV4Ecology-summer-school/PrototypeCroppedImages/PrototypeCroppedImages_Sex_Val/1006_cropped.jpg,0.5193152595923126,0.4806847404076873
1006,1,-0.8336420655250549,-0.9188434481620789,/home/magali/CV4Ecology-summer-school/PrototypeCroppedImages/PrototypeCroppedImages_Sex_Val/1007_cropped.jpg,0.5212874695829751,0.47871253041702494
1007,0,-0.473588764667511,-0.5233065485954285,/home/magali/CV4Ecology-summer-school/PrototypeCroppedImages/PrototypeCroppedImages_Sex_Val/1008_cropped.jpg,0.512426886295865,0.48757311370413503
1008,0,-0.6889840960502625,-0.4299597442150116,/home/magali/CV4Ecology-summer-school/PrototypeCroppedImages/PrototypeCroppedImages_Sex_Val/1009_cropped.jpg,0.4356035592327874,0.5643964407672126
1009,0,-0.825882077217102,-0.27410784363746643,/home/magali/CV4Ecology-summer-school/PrototypeCroppedImages/PrototypeCroppedImages_Sex_Val/1010_cropped.jpg,0.3654528712867967,0.6345471287132032
1010,0,-0.7163505554199219,-0.37843695282936096,/home/magali/CV4Ecology-summer-school/PrototypeCroppedImages/PrototypeCroppedImages_Sex_Val/1011_cropped.jpg,0.4163163767955312,0.5836836232044688
1011,0,-1.007568359375,-0.034486062824726105,/home/magali/CV4Ecology-summer-school/PrototypeCroppedImages/PrototypeCroppedImages_Sex_Val/1012_cropped.jpg,0.2742665616171762,0.7257334383828238
1012,0,-0.9556991457939148,-0.1206117644906044,/home/magali/CV4Ecology-summer-school/PrototypeCroppedImages/PrototypeCroppedImages_Sex_Val/1013_cropped.jpg,0.30257044594609805,0.697429554053902
1013,0,-0.5467614531517029,-0.15053868293762207,/home/magali/CV4Ecology-summer-school/PrototypeCroppedImages/PrototypeCroppedImages_Sex_Val/1014_cropped.jpg,0.4022201972716861,0.5977798027283139
1014,0,-1.0043493509292603,-0.6448048949241638,/home/magali/CV4Ecology-summer-school/PrototypeCroppedImages/PrototypeCroppedImages_Sex_Val/1015_cropped.jpg,0.4110698447678671,0.5889301552321328
1015,0,-0.649185061454773,-0.30902591347694397,/home/magali/CV4Ecology-summer-school/PrototypeCroppedImages/PrototypeCroppedImages_Sex_Val/1016_cropped.jpg,0.4157708186360853,0.5842291813639148
1016,0,-0.7730496525764465,-0.401094526052475,/home/magali/CV4Ecology-summer-school/PrototypeCroppedImages/PrototypeCroppedImages_Sex_Val/1017_cropped.jpg,0.4080686786824496,0.5919313213175504
1017,0,-1.0821534395217896,0.4874326288700104,/home/magali/CV4Ecology-summer-school/PrototypeCroppedImages/PrototypeCroppedImages_Sex_Val/1018_cropped.jpg,0.17227540896384783,0.8277245910361523
1018,0,-1.3491158485412598,-0.5047062039375305,/home/magali/CV4Ecology-summer-school/PrototypeCroppedImages/PrototypeCroppedImages_Sex_Val/1019_cropped.jpg,0.3006068754501114,0.6993931245498886
1019,1,-0.5182340145111084,-0.44081664085388184,/home/magali/CV4Ecology-summer-school/PrototypeCroppedImages/PrototypeCroppedImages_Sex_Val/1020_cropped.jpg,0.48065531740262096,0.5193446825973789
1020,1,-0.8283584117889404,-0.3981659412384033,/home/magali/CV4Ecology-summer-school/PrototypeCroppedImages/PrototypeCroppedImages_Sex_Val/1021_cropped.jpg,0.39408037231465964,0.6059196276853404
1021,1,-0.669212281703949,-0.027486763894557953,/home/magali/CV4Ecology-summer-school/PrototypeCroppedImages/PrototypeCroppedImages_Sex_Val/1022_cropped.jpg,0.34485658796049545,0.6551434120395045
1022,1,-1.3018507957458496,-0.7268520593643188,/home/magali/CV4Ecology-summer-school/PrototypeCroppedImages/PrototypeCroppedImages_Sex_Val/1023_cropped.jpg,0.3600841944296898,0.6399158055703101
1023,1,-1.6080200672149658,-0.3673723638057709,/home/magali/CV4Ecology-summer-school/PrototypeCroppedImages/PrototypeCroppedImages_Sex_Val/1024_cropped.jpg,0.2243232637006628,0.7756767362993373
1024,1,-1.0668177604675293,-0.19226625561714172,/home/magali/CV4Ecology-summer-school/PrototypeCroppedImages/PrototypeCroppedImages_Sex_Val/1025_cropped.jpg,0.29430811190669304,0.705691888093307
1025,1,-1.273389458656311,-0.3605795204639435,/home/magali/CV4Ecology-summer-school/PrototypeCroppedImages/PrototypeCroppedImages_Sex_Val/1026_cropped.jpg,0.2864251812999296,0.7135748187000704
1026,1,-0.5709638595581055,-0.2563799023628235,/home/magali/CV4Ecology-summer-school/PrototypeCroppedImages/PrototypeCroppedImages_Sex_Val/1027_cropped.jpg,0.421996243073953,0.578003756926047
1027,1,-1.400240182876587,-0.5172002911567688,/home/magali/CV4Ecology-summer-school/PrototypeCroppedImages/PrototypeCroppedImages_Sex_Val/1028_cropped.jpg,0.2925482349452941,0.707451765054706
1028,1,-0.9602667689323425,-0.31019327044487,/home/magali/CV4Ecology-summer-school/PrototypeCroppedImages/PrototypeCroppedImages_Sex_Val/1029_cropped.jpg,0.3429729748014614,0.6570270251985385
1029,1,-0.763276994228363,-0.15101632475852966,/home/magali/CV4Ecology-summer-school/PrototypeCroppedImages/PrototypeCroppedImages_Sex_Val/1030_cropped.jpg,0.35154368128275376,0.6484563187172462
1030,1,-1.1430163383483887,-0.365570068359375,/home/magali/CV4Ecology-summer-school/PrototypeCroppedImages/PrototypeCroppedImages_Sex_Val/1031_cropped.jpg,0.314870534152835,0.6851294658471649
1031,0,-0.25035232305526733,0.19149646162986755,/home/magali/CV4Ecology-summer-school/PrototypeCroppedImages/PrototypeCroppedImages_Sex_Val/1032_cropped.jpg,0.3913005291500043,0.6086994708499956
1032,0,-0.9672903418540955,-0.25661376118659973,/home/magali/CV4Ecology-summer-school/PrototypeCroppedImages/PrototypeCroppedImages_Sex_Val/1033_cropped.jpg,0.3294493578357425,0.6705506421642576
1033,0,-0.6352445483207703,-0.5026446580886841,/home/magali/CV4Ecology-summer-school/PrototypeCroppedImages/PrototypeCroppedImages_Sex_Val/1034_cropped.jpg,0.466898514444245,0.533101485555755
1034,0,-1.053383708000183,-0.8525789976119995,/home/magali/CV4Ecology-summer-school/PrototypeCroppedImages/PrototypeCroppedImages_Sex_Val/1035_cropped.jpg,0.4499668315281101,0.5500331684718899
1035,0,-0.9060633182525635,-0.9552140235900879,/home/magali/CV4Ecology-summer-school/PrototypeCroppedImages/PrototypeCroppedImages_Sex_Val/1036_cropped.jpg,0.5122852032261507,0.48771479677384927
1036,0,-0.14254359900951385,-1.1059154272079468,/home/magali/CV4Ecology-summer-school/PrototypeCroppedImages/PrototypeCroppedImages_Sex_Val/1037_cropped.jpg,0.7237963931537796,0.27620360684622036
1037,0,-0.382057249546051,0.07697207480669022,/home/magali/CV4Ecology-summer-school/PrototypeCroppedImages/PrototypeCroppedImages_Sex_Val/1038_cropped.jpg,0.38721612035055397,0.6127838796494459
1038,0,-0.4320306181907654,-0.17580223083496094,/home/magali/CV4Ecology-summer-school/PrototypeCroppedImages/PrototypeCroppedImages_Sex_Val/1039_cropped.jpg,0.43629107910329945,0.5637089208967007
1039,0,-0.39805182814598083,0.3586687743663788,/home/magali/CV4Ecology-summer-school/PrototypeCroppedImages/PrototypeCroppedImages_Sex_Val/1040_cropped.jpg,0.3193586819564938,0.6806413180435061
1040,0,-0.215952530503273,0.0647432804107666,/home/magali/CV4Ecology-summer-school/PrototypeCroppedImages/PrototypeCroppedImages_Sex_Val/1041_cropped.jpg,0.4302831970064661,0.5697168029935339
1041,0,-0.4990536570549011,0.16305088996887207,/home/magali/CV4Ecology-summer-school/PrototypeCroppedImages/PrototypeCroppedImages_Sex_Val/1042_cropped.jpg,0.34026701282839705,0.659732987171603
1042,0,-0.6888140439987183,-0.2653549015522003,/home/magali/CV4Ecology-summer-school/PrototypeCroppedImages/PrototypeCroppedImages_Sex_Val/1043_cropped.jpg,0.3956893047496393,0.6043106952503607
1043,0,-0.7119864225387573,-0.15856674313545227,/home/magali/CV4Ecology-summer-school/PrototypeCroppedImages/PrototypeCroppedImages_Sex_Val/1044_cropped.jpg,0.36507138176523174,0.6349286182347683
1044,0,-1.154198169708252,0.20418396592140198,/home/magali/CV4Ecology-summer-school/PrototypeCroppedImages/PrototypeCroppedImages_Sex_Val/1045_cropped.jpg,0.20450337345620329,0.7954966265437967
1045,0,-0.2584070563316345,-0.025979526340961456,/home/magali/CV4Ecology-summer-school/PrototypeCroppedImages/PrototypeCroppedImages_Sex_Val/1046_cropped.jpg,0.4421533022045787,0.5578466977954212
1046,0,-0.7610790729522705,0.45677053928375244,/home/magali/CV4Ecology-summer-school/PrototypeCroppedImages/PrototypeCroppedImages_Sex_Val/1047_cropped.jpg,0.22831510025648588,0.7716848997435142
1047,1,-0.5357941389083862,-0.6393535733222961,/home/magali/CV4Ecology-summer-school/PrototypeCroppedImages/PrototypeCroppedImages_Sex_Val/1048_cropped.jpg,0.5258667452869816,0.47413325471301837
1048,1,-1.2798157930374146,-0.47144144773483276,/home/magali/CV4Ecology-summer-school/PrototypeCroppedImages/PrototypeCroppedImages_Sex_Val/1049_cropped.jpg,0.3082370210049198,0.6917629789950803
1049,1,-0.3552664518356323,-0.2805110514163971,/home/magali/CV4Ecology-summer-school/PrototypeCroppedImages/PrototypeCroppedImages_Sex_Val/1050_cropped.jpg,0.48131984838478903,0.518680151615211
1050,1,-1.0028672218322754,-0.8559368252754211,/home/magali/CV4Ecology-summer-school/PrototypeCroppedImages/PrototypeCroppedImages_Sex_Val/1051_cropped.jpg,0.4633333421101078,0.5366666578898921
1051,1,-1.4591658115386963,-0.33438366651535034,/home/magali/CV4Ecology-summer-school/PrototypeCroppedImages/PrototypeCroppedImages_Sex_Val/1052_cropped.jpg,0.2451253225389794,0.7548746774610207
1052,1,-0.949386477470398,-0.11378247290849686,/home/magali/CV4Ecology-summer-school/PrototypeCroppedImages/PrototypeCroppedImages_Sex_Val/1053_cropped.jpg,0.30246143841519185,0.6975385615848081
1053,1,-0.5701277256011963,-0.2778759002685547,/home/magali/CV4Ecology-summer-school/PrototypeCroppedImages/PrototypeCroppedImages_Sex_Val/1054_cropped.jpg,0.4274526725379994,0.5725473274620007
1054,1,-0.7984610795974731,-0.9903151988983154,/home/magali/CV4Ecology-summer-school/PrototypeCroppedImages/PrototypeCroppedImages_Sex_Val/1055_cropped.jpg,0.5478169491894492,0.4521830508105508
1055,1,-1.2853479385375977,-1.0528357028961182,/home/magali/CV4Ecology-summer-school/PrototypeCroppedImages/PrototypeCroppedImages_Sex_Val/1056_cropped.jpg,0.44213240933973824,0.5578675906602618
1056,0,-0.7909272909164429,-0.7010648250579834,/home/magali/CV4Ecology-summer-school/PrototypeCroppedImages/PrototypeCroppedImages_Sex_Val/1057_cropped.jpg,0.4775494893168741,0.522450510683126
1057,0,-1.0842697620391846,-0.46325117349624634,/home/magali/CV4Ecology-summer-school/PrototypeCroppedImages/PrototypeCroppedImages_Sex_Val/1058_cropped.jpg,0.3495498248260472,0.650450175173953
1058,0,-0.616054892539978,-0.5688285231590271,/home/magali/CV4Ecology-summer-school/PrototypeCroppedImages/PrototypeCroppedImages_Sex_Val/1059_cropped.jpg,0.48819560154851044,0.5118043984514895
1059,0,-0.9938226342201233,-0.1606227159500122,/home/magali/CV4Ecology-summer-school/PrototypeCroppedImages/PrototypeCroppedImages_Sex_Val/1060_cropped.jpg,0.3029688897191109,0.6970311102808892
1060,0,-1.222483515739441,-0.27083685994148254,/home/magali/CV4Ecology-summer-school/PrototypeCroppedImages/PrototypeCroppedImages_Sex_Val/1061_cropped.jpg,0.27855378679930604,0.721446213200694
1061,0,-0.9912253618240356,-0.6009549498558044,/home/magali/CV4Ecology-summer-school/PrototypeCroppedImages/PrototypeCroppedImages_Sex_Val/1062_cropped.jpg,0.40365220622215325,0.5963477937778467
1062,0,-0.9003913998603821,-0.17332753539085388,/home/magali/CV4Ecology-summer-school/PrototypeCroppedImages/PrototypeCroppedImages_Sex_Val/1063_cropped.jpg,0.32583937255174866,0.6741606274482512
1063,0,-1.128988265991211,-1.0703201293945312,/home/magali/CV4Ecology-summer-school/PrototypeCroppedImages/PrototypeCroppedImages_Sex_Val/1064_cropped.jpg,0.48533717133681875,0.5146628286631811
1064,0,-1.4273420572280884,-0.368572860956192,/home/magali/CV4Ecology-summer-school/PrototypeCroppedImages/PrototypeCroppedImages_Sex_Val/1065_cropped.jpg,0.257544733137851,0.742455266862149
1065,0,-0.8083624243736267,-0.12959212064743042,/home/magali/CV4Ecology-summer-school/PrototypeCroppedImages/PrototypeCroppedImages_Sex_Val/1066_cropped.jpg,0.3365358133008706,0.6634641866991294
1066,1,-0.613642692565918,-0.9848154783248901,/home/magali/CV4Ecology-summer-school/PrototypeCroppedImages/PrototypeCroppedImages_Sex_Val/1067_cropped.jpg,0.5917423343932745,0.4082576656067254
1067,1,-0.6315891146659851,-0.20259150862693787,/home/magali/CV4Ecology-summer-school/PrototypeCroppedImages/PrototypeCroppedImages_Sex_Val/1068_cropped.jpg,0.39436571937583803,0.6056342806241619
1068,1,-1.5753231048583984,-0.2812155783176422,/home/magali/CV4Ecology-summer-school/PrototypeCroppedImages/PrototypeCroppedImages_Sex_Val/1069_cropped.jpg,0.21515838081525307,0.784841619184747
1069,1,-0.6980012655258179,-0.0561395063996315,/home/magali/CV4Ecology-summer-school/PrototypeCroppedImages/PrototypeCroppedImages_Sex_Val/1070_cropped.jpg,0.3448258075393663,0.6551741924606338
1070,1,-1.1491600275039673,-0.3950273096561432,/home/magali/CV4Ecology-summer-school/PrototypeCroppedImages/PrototypeCroppedImages_Sex_Val/1071_cropped.jpg,0.3199214698959576,0.6800785301040425
1071,1,-1.5844019651412964,-0.596118152141571,/home/magali/CV4Ecology-summer-school/PrototypeCroppedImages/PrototypeCroppedImages_Sex_Val/1072_cropped.jpg,0.27125118995823516,0.7287488100417648
1072,1,-1.251542091369629,-0.5405312776565552,/home/magali/CV4Ecology-summer-school/PrototypeCroppedImages/PrototypeCroppedImages_Sex_Val/1073_cropped.jpg,0.3293755257946454,0.6706244742053546
1073,1,-0.24738414585590363,0.193782240152359,/home/magali/CV4Ecology-summer-school/PrototypeCroppedImages/PrototypeCroppedImages_Sex_Val/1074_cropped.jpg,0.3914630779374731,0.6085369220625269
1074,1,-1.6301172971725464,-0.4951710104942322,/home/magali/CV4Ecology-summer-school/PrototypeCroppedImages/PrototypeCroppedImages_Sex_Val/1075_cropped.jpg,0.24324943674633775,0.7567505632536623
1075,1,-1.2603952884674072,-0.38154345750808716,/home/magali/CV4Ecology-summer-school/PrototypeCroppedImages/PrototypeCroppedImages_Sex_Val/1076_cropped.jpg,0.29341576422835325,0.7065842357716469
1076,1,-0.3123817443847656,0.08004827052354813,/home/magali/CV4Ecology-summer-school/PrototypeCroppedImages/PrototypeCroppedImages_Sex_Val/1077_cropped.jpg,0.4031324612064725,0.5968675387935274
1077,1,-0.95855712890625,-0.1566373109817505,/home/magali/CV4Ecology-summer-school/PrototypeCroppedImages/PrototypeCroppedImages_Sex_Val/1078_cropped.jpg,0.30961500105145834,0.6903849989485417
1078,1,-1.0486928224563599,-0.0919845923781395,/home/magali/CV4Ecology-summer-school/PrototypeCroppedImages/PrototypeCroppedImages_Sex_Val/1079_cropped.jpg,0.2775377458770866,0.7224622541229134
1079,1,-0.5658231973648071,-0.24739012122154236,/home/magali/CV4Ecology-summer-school/PrototypeCroppedImages/PrototypeCroppedImages_Sex_Val/1080_cropped.jpg,0.4210576665949796,0.5789423334050204
1080,1,-1.0192112922668457,-0.4632103443145752,/home/magali/CV4Ecology-summer-school/PrototypeCroppedImages/PrototypeCroppedImages_Sex_Val/1081_cropped.jpg,0.36447326715910267,0.6355267328408973
1081,1,-0.6362993121147156,0.16495516896247864,/home/magali/CV4Ecology-summer-school/PrototypeCroppedImages/PrototypeCroppedImages_Sex_Val/1082_cropped.jpg,0.3097572371777882,0.6902427628222119
1082,1,-0.6337378025054932,-0.22409307956695557,/home/magali/CV4Ecology-summer-school/PrototypeCroppedImages/PrototypeCroppedImages_Sex_Val/1083_cropped.jpg,0.3989973129849385,0.6010026870150615
1083,1,-1.3442293405532837,-0.6057407855987549,/home/magali/CV4Ecology-summer-school/PrototypeCroppedImages/PrototypeCroppedImages_Sex_Val/1084_cropped.jpg,0.3233347435570736,0.6766652564429264
1084,1,-0.14015448093414307,-0.1032465249300003,/home/magali/CV4Ecology-summer-school/PrototypeCroppedImages/PrototypeCroppedImages_Sex_Val/1085_cropped.jpg,0.49077405827119985,0.5092259417288002
1085,1,-1.3675241470336914,-0.21006277203559875,/home/magali/CV4Ecology-summer-school/PrototypeCroppedImages/PrototypeCroppedImages_Sex_Val/1086_cropped.jpg,0.2391288725326987,0.7608711274673013
1086,0,-0.9560177326202393,-0.9123996496200562,/home/magali/CV4Ecology-summer-school/PrototypeCroppedImages/PrototypeCroppedImages_Sex_Val/1087_cropped.jpg,0.48909720777576227,0.5109027922242377
1087,0,-1.0174589157104492,-0.8733125925064087,/home/magali/CV4Ecology-summer-school/PrototypeCroppedImages/PrototypeCroppedImages_Sex_Val/1088_cropped.jpg,0.4640256876474276,0.5359743123525724
1088,0,-1.5047767162322998,-1.176879644393921,/home/magali/CV4Ecology-summer-school/PrototypeCroppedImages/PrototypeCroppedImages_Sex_Val/1089_cropped.jpg,0.41875238577486446,0.5812476142251356
1089,0,-0.819498598575592,-0.6604251861572266,/home/magali/CV4Ecology-summer-school/PrototypeCroppedImages/PrototypeCroppedImages_Sex_Val/1090_cropped.jpg,0.4603152945989763,0.5396847054010236
1090,0,-1.3728644847869873,-0.5822654962539673,/home/magali/CV4Ecology-summer-school/PrototypeCroppedImages/PrototypeCroppedImages_Sex_Val/1091_cropped.jpg,0.3120400694364591,0.6879599305635409
1091,0,-1.3607193231582642,-0.779006838798523,/home/magali/CV4Ecology-summer-school/PrototypeCroppedImages/PrototypeCroppedImages_Sex_Val/1092_cropped.jpg,0.35853864630088667,0.6414613536991134
1092,0,-0.9239151477813721,-0.3139553368091583,/home/magali/CV4Ecology-summer-school/PrototypeCroppedImages/PrototypeCroppedImages_Sex_Val/1093_cropped.jpg,0.3520683656344128,0.6479316343655872
1093,0,-0.8161072731018066,-0.9920273423194885,/home/magali/CV4Ecology-summer-school/PrototypeCroppedImages/PrototypeCroppedImages_Sex_Val/1094_cropped.jpg,0.5438669432407434,0.45613305675925675
1094,1,0.05863503739237785,-0.27217793464660645,/home/magali/CV4Ecology-summer-school/PrototypeCroppedImages/PrototypeCroppedImages_Sex_Val/1095_cropped.jpg,0.581957172304205,0.418042827695795
1095,1,-0.6389020681381226,-0.31037795543670654,/home/magali/CV4Ecology-summer-school/PrototypeCroppedImages/PrototypeCroppedImages_Sex_Val/1096_cropped.jpg,0.41859977254542863,0.5814002274545714
1096,1,0.06789262592792511,0.036370329558849335,/home/magali/CV4Ecology-summer-school/PrototypeCroppedImages/PrototypeCroppedImages_Sex_Val/1097_cropped.jpg,0.5078799216093385,0.4921200783906615
1097,1,0.02868082746863365,0.08475897461175919,/home/magali/CV4Ecology-summer-school/PrototypeCroppedImages/PrototypeCroppedImages_Sex_Val/1098_cropped.jpg,0.4859841360640914,0.5140158639359086
1098,1,-0.2229083776473999,0.030646637082099915,/home/magali/CV4Ecology-summer-school/PrototypeCroppedImages/PrototypeCroppedImages_Sex_Val/1099_cropped.jpg,0.4369486831138825,0.5630513168861174
1099,1,0.16206549108028412,0.1944463551044464,/home/magali/CV4Ecology-summer-school/PrototypeCroppedImages/PrototypeCroppedImages_Sex_Val/1100_cropped.jpg,0.49190549125303196,0.508094508746968
1100,1,-0.3191832900047302,-0.012221582233905792,/home/magali/CV4Ecology-summer-school/PrototypeCroppedImages/PrototypeCroppedImages_Sex_Val/1101_cropped.jpg,0.42385652424694614,0.5761434757530537
1101,1,-0.02408691868185997,-0.09311752766370773,/home/magali/CV4Ecology-summer-school/PrototypeCroppedImages/PrototypeCroppedImages_Sex_Val/1102_cropped.jpg,0.5172508024598942,0.4827491975401058
1102,1,-0.45082831382751465,-0.2924487888813019,/home/magali/CV4Ecology-summer-school/PrototypeCroppedImages/PrototypeCroppedImages_Sex_Val/1103_cropped.jpg,0.4604876784203654,0.5395123215796346
1103,1,0.12079870700836182,-0.16120395064353943,/home/magali/CV4Ecology-summer-school/PrototypeCroppedImages/PrototypeCroppedImages_Sex_Val/1104_cropped.jpg,0.5700371336068376,0.42996286639316234
1104,0,-0.9930076003074646,-0.1931155025959015,/home/magali/CV4Ecology-summer-school/PrototypeCroppedImages/PrototypeCroppedImages_Sex_Val/1105_cropped.jpg,0.31004860069128537,0.6899513993087146
1105,0,-0.8270878791809082,-0.1926036775112152,/home/magali/CV4Ecology-summer-school/PrototypeCroppedImages/PrototypeCroppedImages_Sex_Val/1106_cropped.jpg,0.34649445518636024,0.6535055448136399
1106,0,-0.9988396167755127,-0.13601696491241455,/home/magali/CV4Ecology-summer-school/PrototypeCroppedImages/PrototypeCroppedImages_Sex_Val/1107_cropped.jpg,0.29674995033548285,0.703250049664517
1107,0,-0.8803424835205078,-0.2343776524066925,/home/magali/CV4Ecology-summer-school/PrototypeCroppedImages/PrototypeCroppedImages_Sex_Val/1108_cropped.jpg,0.3438994286526033,0.6561005713473966
1108,0,-0.8659290671348572,-0.095946304500103,/home/magali/CV4Ecology-summer-school/PrototypeCroppedImages/PrototypeCroppedImages_Sex_Val/1109_cropped.jpg,0.3164828350637359,0.6835171649362641
1109,0,-0.8831378817558289,-0.17539018392562866,/home/magali/CV4Ecology-summer-school/PrototypeCroppedImages/PrototypeCroppedImages_Sex_Val/1110_cropped.jpg,0.3300967075056256,0.6699032924943743
1110,0,-0.9155470132827759,-0.0916229858994484,/home/magali/CV4Ecology-summer-school/PrototypeCroppedImages/PrototypeCroppedImages_Sex_Val/1111_cropped.jpg,0.3049313332510689,0.695068666748931
1111,0,-0.8972183465957642,-0.5260941386222839,/home/magali/CV4Ecology-summer-school/PrototypeCroppedImages/PrototypeCroppedImages_Sex_Val/1112_cropped.jpg,0.40826940124289174,0.5917305987571082
1112,0,-0.8753040432929993,-0.11947748810052872,/home/magali/CV4Ecology-summer-school/PrototypeCroppedImages/PrototypeCroppedImages_Sex_Val/1113_cropped.jpg,0.31955305125092665,0.6804469487490733
1113,0,-0.48745936155319214,-0.15205274522304535,/home/magali/CV4Ecology-summer-school/PrototypeCroppedImages/PrototypeCroppedImages_Sex_Val/1114_cropped.jpg,0.4169256945761279,0.5830743054238722
1114,1,-0.43881240487098694,-0.08879009634256363,/home/magali/CV4Ecology-summer-school/PrototypeCroppedImages/PrototypeCroppedImages_Sex_Val/1115_cropped.jpg,0.41337701133309407,0.586622988666906
1115,1,0.048696309328079224,-0.13392141461372375,/home/magali/CV4Ecology-summer-school/PrototypeCroppedImages/PrototypeCroppedImages_Sex_Val/1116_cropped.jpg,0.5455279743368661,0.4544720256631341
1116,1,-0.12485311925411224,-0.17694100737571716,/home/magali/CV4Ecology-summer-school/PrototypeCroppedImages/PrototypeCroppedImages_Sex_Val/1117_cropped.jpg,0.5130190286174461,0.4869809713825539
1117,1,-0.2912055552005768,-0.33751508593559265,/home/magali/CV4Ecology-summer-school/PrototypeCroppedImages/PrototypeCroppedImages_Sex_Val/1118_cropped.jpg,0.5115753140825369,0.48842468591746313
1118,1,0.07680585980415344,-0.17152845859527588,/home/magali/CV4Ecology-summer-school/PrototypeCroppedImages/PrototypeCroppedImages_Sex_Val/1119_cropped.jpg,0.5617664775031238,0.4382335224968762
1119,1,-0.30370745062828064,-0.20846930146217346,/home/magali/CV4Ecology-summer-school/PrototypeCroppedImages/PrototypeCroppedImages_Sex_Val/1120_cropped.jpg,0.4762084430471412,0.523791556952859
1120,1,-0.38171112537384033,-0.35232582688331604,/home/magali/CV4Ecology-summer-school/PrototypeCroppedImages/PrototypeCroppedImages_Sex_Val/1121_cropped.jpg,0.4926542039584111,0.507345796041589
1121,1,-0.058191608637571335,-0.031210746616125107,/home/magali/CV4Ecology-summer-school/PrototypeCroppedImages/PrototypeCroppedImages_Sex_Val/1122_cropped.jpg,0.4932551936559966,0.5067448063440033
1122,1,-0.2895421087741852,-0.37032297253608704,/home/magali/CV4Ecology-summer-school/PrototypeCroppedImages/PrototypeCroppedImages_Sex_Val/1123_cropped.jpg,0.5201842410313176,0.47981575896868245
1123,1,-0.3079479932785034,-0.3732530176639557,/home/magali/CV4Ecology-summer-school/PrototypeCroppedImages/PrototypeCroppedImages_Sex_Val/1124_cropped.jpg,0.5163204562915858,0.4836795437084141
1124,1,-0.5504986047744751,-0.48231637477874756,/home/magali/CV4Ecology-summer-school/PrototypeCroppedImages/PrototypeCroppedImages_Sex_Val/1125_cropped.jpg,0.4829610429050729,0.5170389570949271
1125,1,-0.1069989800453186,-0.1576959192752838,/home/magali/CV4Ecology-summer-school/PrototypeCroppedImages/PrototypeCroppedImages_Sex_Val/1126_cropped.jpg,0.5126715209166456,0.4873284790833544
1126,1,-0.5637287497520447,0.037579722702503204,/home/magali/CV4Ecology-summer-school/PrototypeCroppedImages/PrototypeCroppedImages_Sex_Val/1127_cropped.jpg,0.35404439298315415,0.6459556070168458
1127,1,-0.329885870218277,-0.1209256574511528,/home/magali/CV4Ecology-summer-school/PrototypeCroppedImages/PrototypeCroppedImages_Sex_Val/1128_cropped.jpg,0.4479492062150796,0.5520507937849204
1128,1,-0.12226913869380951,-0.0945214107632637,/home/magali/CV4Ecology-summer-school/PrototypeCroppedImages/PrototypeCroppedImages_Sex_Val/1129_cropped.jpg,0.4930635130661371,0.5069364869338627
1129,0,-0.579667329788208,-0.08952457457780838,/home/magali/CV4Ecology-summer-school/PrototypeCroppedImages/PrototypeCroppedImages_Sex_Val/1130_cropped.jpg,0.3798599387541142,0.6201400612458858
1130,0,-0.7564592361450195,-0.6215168237686157,/home/magali/CV4Ecology-summer-school/PrototypeCroppedImages/PrototypeCroppedImages_Sex_Val/1131_cropped.jpg,0.46631549610363837,0.5336845038963616
1131,0,-0.6493352651596069,-0.07824347168207169,/home/magali/CV4Ecology-summer-school/PrototypeCroppedImages/PrototypeCroppedImages_Sex_Val/1132_cropped.jpg,0.36098493739019916,0.6390150626098009
1132,0,-0.9131840467453003,-0.13436558842658997,/home/magali/CV4Ecology-summer-school/PrototypeCroppedImages/PrototypeCroppedImages_Sex_Val/1133_cropped.jpg,0.3145745911956216,0.6854254088043784
1133,0,-0.6642874479293823,-0.39875659346580505,/home/magali/CV4Ecology-summer-school/PrototypeCroppedImages/PrototypeCroppedImages_Sex_Val/1134_cropped.jpg,0.4340045910033948,0.5659954089966052
1134,0,-0.04376034066081047,-0.3517146110534668,/home/magali/CV4Ecology-summer-school/PrototypeCroppedImages/PrototypeCroppedImages_Sex_Val/1135_cropped.jpg,0.5763858433629024,0.42361415663709745
1135,1,-0.28711608052253723,-0.1387166976928711,/home/magali/CV4Ecology-summer-school/PrototypeCroppedImages/PrototypeCroppedImages_Sex_Val/1136_cropped.jpg,0.462968090250569,0.537031909749431
1136,1,-0.29001230001449585,-0.20844435691833496,/home/magali/CV4Ecology-summer-school/PrototypeCroppedImages/PrototypeCroppedImages_Sex_Val/1137_cropped.jpg,0.47961931292506194,0.5203806870749381
1137,1,-0.558445930480957,-0.12790647149085999,/home/magali/CV4Ecology-summer-school/PrototypeCroppedImages/PrototypeCroppedImages_Sex_Val/1138_cropped.jpg,0.39399752110265845,0.6060024788973415
1138,1,-0.7338652610778809,-0.3111426830291748,/home/magali/CV4Ecology-summer-school/PrototypeCroppedImages/PrototypeCroppedImages_Sex_Val/1139_cropped.jpg,0.3958654450224412,0.6041345549775589
1139,0,-1.1731376647949219,-1.1564027070999146,/home/magali/CV4Ecology-summer-school/PrototypeCroppedImages/PrototypeCroppedImages_Sex_Val/1140_cropped.jpg,0.49581635821460374,0.5041836417853962
1140,0,-1.162328839302063,-0.3960277736186981,/home/magali/CV4Ecology-summer-school/PrototypeCroppedImages/PrototypeCroppedImages_Sex_Val/1141_cropped.jpg,0.31727980266193995,0.68272019733806
1141,0,-0.9529697895050049,-0.3405786156654358,/home/magali/CV4Ecology-summer-school/PrototypeCroppedImages/PrototypeCroppedImages_Sex_Val/1142_cropped.jpg,0.3515139319888896,0.6484860680111103
1142,0,-1.1025186777114868,-0.9562661051750183,/home/magali/CV4Ecology-summer-school/PrototypeCroppedImages/PrototypeCroppedImages_Sex_Val/1143_cropped.jpg,0.46350189100148564,0.5364981089985144
1143,0,-0.6787054538726807,-0.4275493621826172,/home/magali/CV4Ecology-summer-school/PrototypeCroppedImages/PrototypeCroppedImages_Sex_Val/1144_cropped.jpg,0.43753896603093057,0.5624610339690694
1144,0,-0.8425235748291016,-0.9931915402412415,/home/magali/CV4Ecology-summer-school/PrototypeCroppedImages/PrototypeCroppedImages_Sex_Val/1145_cropped.jpg,0.5375958967239381,0.46240410327606196
1145,0,-0.7221247553825378,-0.48871302604675293,/home/magali/CV4Ecology-summer-school/PrototypeCroppedImages/PrototypeCroppedImages_Sex_Val/1146_cropped.jpg,0.44191055957553943,0.5580894404244605
1146,0,-0.5855927467346191,-0.5060555338859558,/home/magali/CV4Ecology-summer-school/PrototypeCroppedImages/PrototypeCroppedImages_Sex_Val/1147_cropped.jpg,0.4801261727811954,0.5198738272188046
1147,1,-0.025553759187459946,0.0361778661608696,/home/magali/CV4Ecology-summer-school/PrototypeCroppedImages/PrototypeCroppedImages_Sex_Val/1148_cropped.jpg,0.4845719927643303,0.5154280072356697
1148,1,-0.9914767146110535,-0.06789729744195938,/home/magali/CV4Ecology-summer-school/PrototypeCroppedImages/PrototypeCroppedImages_Sex_Val/1149_cropped.jpg,0.2842291251089441,0.715770874891056
1149,1,-1.2953159809112549,-0.0970955640077591,/home/magali/CV4Ecology-summer-school/PrototypeCroppedImages/PrototypeCroppedImages_Sex_Val/1150_cropped.jpg,0.23179194570983727,0.7682080542901627
1150,1,-0.32763007283210754,-1.026187777519226,/home/magali/CV4Ecology-summer-school/PrototypeCroppedImages/PrototypeCroppedImages_Sex_Val/1151_cropped.jpg,0.6678679191968633,0.3321320808031368
1151,1,-0.2224331498146057,-0.3672260344028473,/home/magali/CV4Ecology-summer-school/PrototypeCroppedImages/PrototypeCroppedImages_Sex_Val/1152_cropped.jpg,0.5361351122047221,0.4638648877952779
1152,1,-0.7984043955802917,-0.7262893319129944,/home/magali/CV4Ecology-summer-school/PrototypeCroppedImages/PrototypeCroppedImages_Sex_Val/1153_cropped.jpg,0.4819790433621593,0.5180209566378408
1153,1,-0.39453330636024475,-0.5189488530158997,/home/magali/CV4Ecology-summer-school/PrototypeCroppedImages/PrototypeCroppedImages_Sex_Val/1154_cropped.jpg,0.5310638266591402,0.4689361733408598
1154,1,-1.0392200946807861,-0.28641191124916077,/home/magali/CV4Ecology-summer-school/PrototypeCroppedImages/PrototypeCroppedImages_Sex_Val/1155_cropped.jpg,0.32020971984235286,0.6797902801576471
1155,1,-0.6380453109741211,-0.5154369473457336,/home/magali/CV4Ecology-summer-school/PrototypeCroppedImages/PrototypeCroppedImages_Sex_Val/1156_cropped.jpg,0.46938625037988635,0.5306137496201135
1156,1,-0.04061870649456978,-0.006458751857280731,/home/magali/CV4Ecology-summer-school/PrototypeCroppedImages/PrototypeCroppedImages_Sex_Val/1157_cropped.jpg,0.4914608416882948,0.5085391583117054
1157,1,-1.2778065204620361,-1.0219651460647583,/home/magali/CV4Ecology-summer-school/PrototypeCroppedImages/PrototypeCroppedImages_Sex_Val/1158_cropped.jpg,0.43638626387014423,0.5636137361298558
1158,1,-0.3134300410747528,-0.36421385407447815,/home/magali/CV4Ecology-summer-school/PrototypeCroppedImages/PrototypeCroppedImages_Sex_Val/1159_cropped.jpg,0.5126932253860802,0.4873067746139198
1159,1,-0.25541234016418457,-0.6831711530685425,/home/magali/CV4Ecology-summer-school/PrototypeCroppedImages/PrototypeCroppedImages_Sex_Val/1160_cropped.jpg,0.6053383668539584,0.3946616331460417
1160,1,-0.8081756830215454,-0.6042343378067017,/home/magali/CV4Ecology-summer-school/PrototypeCroppedImages/PrototypeCroppedImages_Sex_Val/1161_cropped.jpg,0.44919064726315555,0.5508093527368445
1161,1,-0.8178941607475281,-1.3082952499389648,/home/magali/CV4Ecology-summer-school/PrototypeCroppedImages/PrototypeCroppedImages_Sex_Val/1162_cropped.jpg,0.6202009141539463,0.37979908584605376
1162,1,-0.7570613622665405,-0.42893776297569275,/home/magali/CV4Ecology-summer-school/PrototypeCroppedImages/PrototypeCroppedImages_Sex_Val/1163_cropped.jpg,0.4186972502740564,0.5813027497259436
1163,1,-0.5052643418312073,0.004205264151096344,/home/magali/CV4Ecology-summer-school/PrototypeCroppedImages/PrototypeCroppedImages_Sex_Val/1164_cropped.jpg,0.3753178704991,0.6246821295009001
1164,1,-0.8022139668464661,-0.7042518854141235,/home/magali/CV4Ecology-summer-school/PrototypeCroppedImages/PrototypeCroppedImages_Sex_Val/1165_cropped.jpg,0.47552904627972103,0.524470953720279
1165,1,-0.6600639820098877,-0.35738152265548706,/home/magali/CV4Ecology-summer-school/PrototypeCroppedImages/PrototypeCroppedImages_Sex_Val/1166_cropped.jpg,0.4249018650162689,0.5750981349837311
1166,1,-0.9383817315101624,-0.555361807346344,/home/magali/CV4Ecology-summer-school/PrototypeCroppedImages/PrototypeCroppedImages_Sex_Val/1167_cropped.jpg,0.40539873505796836,0.5946012649420316
1167,1,0.2929880619049072,0.14413917064666748,/home/magali/CV4Ecology-summer-school/PrototypeCroppedImages/PrototypeCroppedImages_Sex_Val/1168_cropped.jpg,0.5371436685554078,0.4628563314445922
1168,1,-0.39691033959388733,0.10987760871648788,/home/magali/CV4Ecology-summer-school/PrototypeCroppedImages/PrototypeCroppedImages_Sex_Val/1169_cropped.jpg,0.3759468067609108,0.6240531932390893
1169,1,0.1408955603837967,-0.2893044948577881,/home/magali/CV4Ecology-summer-school/PrototypeCroppedImages/PrototypeCroppedImages_Sex_Val/1170_cropped.jpg,0.6059214387642446,0.3940785612357552
1170,1,-0.40355056524276733,-0.03933189809322357,/home/magali/CV4Ecology-summer-school/PrototypeCroppedImages/PrototypeCroppedImages_Sex_Val/1171_cropped.jpg,0.40993873055857843,0.5900612694414216
1171,1,-0.7659469246864319,-0.20044353604316711,/home/magali/CV4Ecology-summer-school/PrototypeCroppedImages/PrototypeCroppedImages_Sex_Val/1172_cropped.jpg,0.36227504051483056,0.6377249594851694
1172,1,0.18406151235103607,-0.2424541711807251,/home/magali/CV4Ecology-summer-school/PrototypeCroppedImages/PrototypeCroppedImages_Sex_Val/1173_cropped.jpg,0.605041339630332,0.3949586603696679
1173,1,-0.2624748945236206,-0.24920564889907837,/home/magali/CV4Ecology-summer-school/PrototypeCroppedImages/PrototypeCroppedImages_Sex_Val/1174_cropped.jpg,0.4966827372670551,0.503317262732945
1174,1,-0.343974232673645,-0.30188390612602234,/home/magali/CV4Ecology-summer-school/PrototypeCroppedImages/PrototypeCroppedImages_Sex_Val/1175_cropped.jpg,0.48947897156786413,0.5105210284321359
1175,1,-1.1479625701904297,0.2330336570739746,/home/magali/CV4Ecology-summer-school/PrototypeCroppedImages/PrototypeCroppedImages_Sex_Val/1176_cropped.jpg,0.20084904894328146,0.7991509510567186
1176,1,-0.16272898018360138,-0.03927191346883774,/home/magali/CV4Ecology-summer-school/PrototypeCroppedImages/PrototypeCroppedImages_Sex_Val/1177_cropped.jpg,0.4691748755188646,0.5308251244811354
1177,1,-0.230852410197258,-0.05710215121507645,/home/magali/CV4Ecology-summer-school/PrototypeCroppedImages/PrototypeCroppedImages_Sex_Val/1178_cropped.jpg,0.4566713849618529,0.543328615038147
1178,1,-0.6528128385543823,-0.7579870223999023,/home/magali/CV4Ecology-summer-school/PrototypeCroppedImages/PrototypeCroppedImages_Sex_Val/1179_cropped.jpg,0.5262693353316068,0.4737306646683932
1179,1,-1.0454225540161133,-0.8918748497962952,/home/magali/CV4Ecology-summer-school/PrototypeCroppedImages/PrototypeCroppedImages_Sex_Val/1180_cropped.jpg,0.4616883169353824,0.5383116830646175
1180,1,-0.4724619388580322,-0.5894041061401367,/home/magali/CV4Ecology-summer-school/PrototypeCroppedImages/PrototypeCroppedImages_Sex_Val/1181_cropped.jpg,0.5292022698383376,0.47079773016166226
1181,1,-0.9833831787109375,-0.6522710919380188,/home/magali/CV4Ecology-summer-school/PrototypeCroppedImages/PrototypeCroppedImages_Sex_Val/1182_cropped.jpg,0.41797005994384095,0.5820299400561589
1182,1,-0.6879539489746094,-0.5738177299499512,/home/magali/CV4Ecology-summer-school/PrototypeCroppedImages/PrototypeCroppedImages_Sex_Val/1183_cropped.jpg,0.47149688122009165,0.5285031187799083
1183,1,-0.6929959654808044,-0.2865871489048004,/home/magali/CV4Ecology-summer-school/PrototypeCroppedImages/PrototypeCroppedImages_Sex_Val/1184_cropped.jpg,0.3997735313565635,0.6002264686434363
1184,1,-1.0297646522521973,-0.8080384135246277,/home/magali/CV4Ecology-summer-school/PrototypeCroppedImages/PrototypeCroppedImages_Sex_Val/1185_cropped.jpg,0.4447944256683321,0.555205574331668
1185,1,-0.4567658305168152,0.11574292927980423,/home/magali/CV4Ecology-summer-school/PrototypeCroppedImages/PrototypeCroppedImages_Sex_Val/1186_cropped.jpg,0.3606581433768653,0.6393418566231348
1186,1,-0.6556175351142883,-0.9630895256996155,/home/magali/CV4Ecology-summer-school/PrototypeCroppedImages/PrototypeCroppedImages_Sex_Val/1187_cropped.jpg,0.5762680830799454,0.4237319169200545
1187,1,-0.9428490400314331,-0.5255166888237,/home/magali/CV4Ecology-summer-school/PrototypeCroppedImages/PrototypeCroppedImages_Sex_Val/1188_cropped.jpg,0.39715527095075487,0.602844729049245
1188,1,-0.1558990478515625,-0.12285280972719193,/home/magali/CV4Ecology-summer-school/PrototypeCroppedImages/PrototypeCroppedImages_Sex_Val/1189_cropped.jpg,0.49173919222580553,0.5082608077741945
1189,1,-0.6230534911155701,-0.282429963350296,/home/magali/CV4Ecology-summer-school/PrototypeCroppedImages/PrototypeCroppedImages_Sex_Val/1190_cropped.jpg,0.4156580226711293,0.5843419773288707
1190,1,-0.6804061532020569,-0.29439422488212585,/home/magali/CV4Ecology-summer-school/PrototypeCroppedImages/PrototypeCroppedImages_Sex_Val/1191_cropped.jpg,0.4046777152795699,0.5953222847204301
1191,1,-0.7238350510597229,-0.32259365916252136,/home/magali/CV4Ecology-summer-school/PrototypeCroppedImages/PrototypeCroppedImages_Sex_Val/1192_cropped.jpg,0.4010141187179606,0.5989858812820393
1192,1,-0.14362221956253052,-0.11722615361213684,/home/magali/CV4Ecology-summer-school/PrototypeCroppedImages/PrototypeCroppedImages_Sex_Val/1193_cropped.jpg,0.4934013666423653,0.5065986333576348
1193,1,-0.7461710572242737,-0.24274030327796936,/home/magali/CV4Ecology-summer-school/PrototypeCroppedImages/PrototypeCroppedImages_Sex_Val/1194_cropped.jpg,0.3767347682568211,0.6232652317431788
1194,1,-0.36044245958328247,-0.3477042317390442,/home/magali/CV4Ecology-summer-school/PrototypeCroppedImages/PrototypeCroppedImages_Sex_Val/1195_cropped.jpg,0.49681548609940923,0.5031845139005907
1195,0,-1.1745734214782715,-0.6135376691818237,/home/magali/CV4Ecology-summer-school/PrototypeCroppedImages/PrototypeCroppedImages_Sex_Val/1196_cropped.jpg,0.36330784050970394,0.636692159490296
1196,0,0.06279584020376205,-0.04654575139284134,/home/magali/CV4Ecology-summer-school/PrototypeCroppedImages/PrototypeCroppedImages_Sex_Val/1197_cropped.jpg,0.5273081962002177,0.47269180379978226
1197,0,-0.5011811852455139,-0.3540307581424713,/home/magali/CV4Ecology-summer-school/PrototypeCroppedImages/PrototypeCroppedImages_Sex_Val/1198_cropped.jpg,0.46327863073388487,0.536721369266115
1198,0,0.1479363739490509,-0.02456795424222946,/home/magali/CV4Ecology-summer-school/PrototypeCroppedImages/PrototypeCroppedImages_Sex_Val/1199_cropped.jpg,0.5430194547622611,0.456980545237739
1199,1,0.21485395729541779,-0.15499913692474365,/home/magali/CV4Ecology-summer-school/PrototypeCroppedImages/PrototypeCroppedImages_Sex_Val/1200_cropped.jpg,0.5914234803402857,0.40857651965971425
1200,1,-0.667284369468689,-0.5146607756614685,/home/magali/CV4Ecology-summer-school/PrototypeCroppedImages/PrototypeCroppedImages_Sex_Val/1201_cropped.jpg,0.4619179962583485,0.5380820037416515
1201,1,-0.7720032930374146,-0.45046576857566833,/home/magali/CV4Ecology-summer-school/PrototypeCroppedImages/PrototypeCroppedImages_Sex_Val/1202_cropped.jpg,0.42030108712638603,0.579698912873614
1202,1,-0.8691786527633667,-0.4904190003871918,/home/magali/CV4Ecology-summer-school/PrototypeCroppedImages/PrototypeCroppedImages_Sex_Val/1203_cropped.jpg,0.406426088628869,0.593573911371131
1203,1,-0.9757300019264221,-0.5179193615913391,/home/magali/CV4Ecology-summer-school/PrototypeCroppedImages/PrototypeCroppedImages_Sex_Val/1204_cropped.jpg,0.38750532916160396,0.612494670838396
1204,1,-0.39025524258613586,-0.34641480445861816,/home/magali/CV4Ecology-summer-school/PrototypeCroppedImages/PrototypeCroppedImages_Sex_Val/1205_cropped.jpg,0.48904164556040586,0.5109583544395941
1205,1,-0.7697268128395081,-0.2599214017391205,/home/magali/CV4Ecology-summer-school/PrototypeCroppedImages/PrototypeCroppedImages_Sex_Val/1206_cropped.jpg,0.3752391428198252,0.6247608571801749
1206,1,-1.737213134765625,-1.06331467628479,/home/magali/CV4Ecology-summer-school/PrototypeCroppedImages/PrototypeCroppedImages_Sex_Val/1207_cropped.jpg,0.33762446109045036,0.6623755389095496
1207,1,-0.8487098217010498,-0.4260886609554291,/home/magali/CV4Ecology-summer-school/PrototypeCroppedImages/PrototypeCroppedImages_Sex_Val/1208_cropped.jpg,0.39588969983455136,0.6041103001654486
1208,1,-0.8968454003334045,-0.32148733735084534,/home/magali/CV4Ecology-summer-school/PrototypeCroppedImages/PrototypeCroppedImages_Sex_Val/1209_cropped.jpg,0.36000140127579217,0.6399985987242078
1209,0,-0.6462891697883606,-0.07950830459594727,/home/magali/CV4Ecology-summer-school/PrototypeCroppedImages/PrototypeCroppedImages_Sex_Val/1210_cropped.jpg,0.36197995472047295,0.638020045279527
1210,0,-0.8839116096496582,-0.14394128322601318,/home/magali/CV4Ecology-summer-school/PrototypeCroppedImages/PrototypeCroppedImages_Sex_Val/1211_cropped.jpg,0.32301063258969903,0.676989367410301
1211,0,-0.6571666598320007,-0.0894777700304985,/home/magali/CV4Ecology-summer-school/PrototypeCroppedImages/PrototypeCroppedImages_Sex_Val/1212_cropped.jpg,0.36177027230584563,0.6382297276941543
1212,0,-0.6918159127235413,-0.49491390585899353,/home/magali/CV4Ecology-summer-school/PrototypeCroppedImages/PrototypeCroppedImages_Sex_Val/1213_cropped.jpg,0.4509329251189243,0.5490670748810756
1213,0,-0.9224367737770081,-0.0013122372329235077,/home/magali/CV4Ecology-summer-school/PrototypeCroppedImages/PrototypeCroppedImages_Sex_Val/1214_cropped.jpg,0.2847288176470514,0.7152711823529487
1214,0,0.22052718698978424,0.2983233332633972,/home/magali/CV4Ecology-summer-school/PrototypeCroppedImages/PrototypeCroppedImages_Sex_Val/1215_cropped.jpg,0.4805607666855059,0.5194392333144943
1215,0,-0.4237629175186157,-0.45948556065559387,/home/magali/CV4Ecology-summer-school/PrototypeCroppedImages/PrototypeCroppedImages_Sex_Val/1216_cropped.jpg,0.5089297111986867,0.4910702888013133
1216,0,-0.9676001667976379,-0.44881516695022583,/home/magali/CV4Ecology-summer-school/PrototypeCroppedImages/PrototypeCroppedImages_Sex_Val/1217_cropped.jpg,0.3731363852208607,0.6268636147791392
1217,0,-0.5634577870368958,-0.5813817977905273,/home/magali/CV4Ecology-summer-school/PrototypeCroppedImages/PrototypeCroppedImages_Sex_Val/1218_cropped.jpg,0.5044808827245572,0.4955191172754428
1218,0,-0.3945290148258209,-0.3932059109210968,/home/magali/CV4Ecology-summer-school/PrototypeCroppedImages/PrototypeCroppedImages_Sex_Val/1219_cropped.jpg,0.4996692240720737,0.5003307759279262
1219,1,-0.3943820297718048,-0.8989996910095215,/home/magali/CV4Ecology-summer-school/PrototypeCroppedImages/PrototypeCroppedImages_Sex_Val/1220_cropped.jpg,0.6235438835192791,0.37645611648072086
1220,1,-0.1728544980287552,-0.904351532459259,/home/magali/CV4Ecology-summer-school/PrototypeCroppedImages/PrototypeCroppedImages_Sex_Val/1221_cropped.jpg,0.6751337004760446,0.3248662995239554
1221,1,-0.039677783846855164,-0.6302695274353027,/home/magali/CV4Ecology-summer-school/PrototypeCroppedImages/PrototypeCroppedImages_Sex_Val/1222_cropped.jpg,0.6435009076298247,0.35649909237017524
1222,1,-0.09250658750534058,-0.29332926869392395,/home/magali/CV4Ecology-summer-school/PrototypeCroppedImages/PrototypeCroppedImages_Sex_Val/1223_cropped.jpg,0.5500376161813635,0.44996238381863657
1223,1,-0.14690826833248138,-0.3388817608356476,/home/magali/CV4Ecology-summer-school/PrototypeCroppedImages/PrototypeCroppedImages_Sex_Val/1224_cropped.jpg,0.5478465193790792,0.4521534806209208
1224,1,-0.4950312376022339,-0.48916175961494446,/home/magali/CV4Ecology-summer-school/PrototypeCroppedImages/PrototypeCroppedImages_Sex_Val/1225_cropped.jpg,0.4985326347158308,0.5014673652841692
1225,1,0.09086339175701141,-0.18255379796028137,/home/magali/CV4Ecology-summer-school/PrototypeCroppedImages/PrototypeCroppedImages_Sex_Val/1226_cropped.jpg,0.5679316269498751,0.43206837305012485
1226,1,-0.1771882325410843,-0.11591149121522903,/home/magali/CV4Ecology-summer-school/PrototypeCroppedImages/PrototypeCroppedImages_Sex_Val/1227_cropped.jpg,0.4846856062922794,0.5153143937077207
1227,1,-0.42665380239486694,-0.1708548665046692,/home/magali/CV4Ecology-summer-school/PrototypeCroppedImages/PrototypeCroppedImages_Sex_Val/1228_cropped.jpg,0.43639670178886997,0.5636032982111301
1228,1,-0.42181456089019775,0.09202595800161362,/home/magali/CV4Ecology-summer-school/PrototypeCroppedImages/PrototypeCroppedImages_Sex_Val/1229_cropped.jpg,0.3742936506860593,0.6257063493139408
1229,0,0.2746991813182831,0.053510911762714386,/home/magali/CV4Ecology-summer-school/PrototypeCroppedImages/PrototypeCroppedImages_Sex_Val/1230_cropped.jpg,0.5550727176408469,0.4449272823591532
1230,0,0.0706254243850708,0.06764829903841019,/home/magali/CV4Ecology-summer-school/PrototypeCroppedImages/PrototypeCroppedImages_Sex_Val/1231_cropped.jpg,0.5007442807869348,0.4992557192130653
1231,0,0.16941620409488678,0.06427135318517685,/home/magali/CV4Ecology-summer-school/PrototypeCroppedImages/PrototypeCroppedImages_Sex_Val/1232_cropped.jpg,0.5262620223340327,0.4737379776659672
1232,0,-0.10877268016338348,-0.13003641366958618,/home/magali/CV4Ecology-summer-school/PrototypeCroppedImages/PrototypeCroppedImages_Sex_Val/1233_cropped.jpg,0.5053157330872784,0.4946842669127217
1233,0,-0.07762470841407776,-0.09382196515798569,/home/magali/CV4Ecology-summer-school/PrototypeCroppedImages/PrototypeCroppedImages_Sex_Val/1234_cropped.jpg,0.504049225659788,0.4959507743402118
1234,0,0.08915938436985016,0.045785218477249146,/home/magali/CV4Ecology-summer-school/PrototypeCroppedImages/PrototypeCroppedImages_Sex_Val/1235_cropped.jpg,0.510841841780195,0.4891581582198051
1235,0,0.28462153673171997,0.048089198768138885,/home/magali/CV4Ecology-summer-school/PrototypeCroppedImages/PrototypeCroppedImages_Sex_Val/1236_cropped.jpg,0.5588589223406024,0.4411410776593977
1236,0,0.01689768210053444,-0.009728260338306427,/home/magali/CV4Ecology-summer-school/PrototypeCroppedImages/PrototypeCroppedImages_Sex_Val/1237_cropped.jpg,0.5066560923830622,0.4933439076169378
1237,0,0.08122441172599792,0.011131428182125092,/home/magali/CV4Ecology-summer-school/PrototypeCroppedImages/PrototypeCroppedImages_Sex_Val/1238_cropped.jpg,0.5175160750616061,0.48248392493839387
1238,0,0.11629991233348846,0.1111789122223854,/home/magali/CV4Ecology-summer-school/PrototypeCroppedImages/PrototypeCroppedImages_Sex_Val/1239_cropped.jpg,0.5012802472299416,0.49871975277005853
1239,1,-0.6718341112136841,0.5373201370239258,/home/magali/CV4Ecology-summer-school/PrototypeCroppedImages/PrototypeCroppedImages_Sex_Val/1240_cropped.jpg,0.22985073119197372,0.7701492688080263
1240,1,-0.1376819759607315,0.043751172721385956,/home/magali/CV4Ecology-summer-school/PrototypeCroppedImages/PrototypeCroppedImages_Sex_Val/1241_cropped.jpg,0.4547657299001763,0.5452342700998237
1241,1,-0.6686180233955383,-0.18060141801834106,/home/magali/CV4Ecology-summer-school/PrototypeCroppedImages/PrototypeCroppedImages_Sex_Val/1242_cropped.jpg,0.3803609159219874,0.6196390840780126
1242,1,-0.44784921407699585,0.1543835699558258,/home/magali/CV4Ecology-summer-school/PrototypeCroppedImages/PrototypeCroppedImages_Sex_Val/1243_cropped.jpg,0.35383303426351553,0.6461669657364844
1243,1,0.051111798733472824,-0.15810933709144592,/home/magali/CV4Ecology-summer-school/PrototypeCroppedImages/PrototypeCroppedImages_Sex_Val/1244_cropped.jpg,0.5521153167577387,0.44788468324226133
1244,1,0.07867442071437836,-0.39404454827308655,/home/magali/CV4Ecology-summer-school/PrototypeCroppedImages/PrototypeCroppedImages_Sex_Val/1245_cropped.jpg,0.6160270976572861,0.3839729023427139
1245,1,-0.5774510502815247,-0.3393647372722626,/home/magali/CV4Ecology-summer-school/PrototypeCroppedImages/PrototypeCroppedImages_Sex_Val/1246_cropped.jpg,0.44075800256192893,0.559241997438071
1246,1,-0.18399043381214142,0.19265714287757874,/home/magali/CV4Ecology-summer-school/PrototypeCroppedImages/PrototypeCroppedImages_Sex_Val/1247_cropped.jpg,0.40693571458394734,0.5930642854160526
1247,1,-0.9243292212486267,0.2697940170764923,/home/magali/CV4Ecology-summer-school/PrototypeCroppedImages/PrototypeCroppedImages_Sex_Val/1248_cropped.jpg,0.2325223090892959,0.7674776909107042
1248,1,0.05935302749276161,-0.3808172643184662,/home/magali/CV4Ecology-summer-school/PrototypeCroppedImages/PrototypeCroppedImages_Sex_Val/1249_cropped.jpg,0.608299607128124,0.3917003928718759
1249,0,-0.5048398375511169,-0.3510306775569916,/home/magali/CV4Ecology-summer-school/PrototypeCroppedImages/PrototypeCroppedImages_Sex_Val/1250_cropped.jpg,0.4616233374039427,0.5383766625960573
1250,0,-0.37757229804992676,-0.05853033810853958,/home/magali/CV4Ecology-summer-school/PrototypeCroppedImages/PrototypeCroppedImages_Sex_Val/1251_cropped.jpg,0.4209092472821346,0.5790907527178653
1251,0,-0.02005474641919136,-0.09228122979402542,/home/magali/CV4Ecology-summer-school/PrototypeCroppedImages/PrototypeCroppedImages_Sex_Val/1252_cropped.jpg,0.5180487753247457,0.48195122467525425
1252,0,-0.4469408094882965,-0.2531118094921112,/home/magali/CV4Ecology-summer-school/PrototypeCroppedImages/PrototypeCroppedImages_Sex_Val/1253_cropped.jpg,0.4516938924752328,0.5483061075247674
1253,0,-0.2491254359483719,-0.2719731330871582,/home/magali/CV4Ecology-summer-school/PrototypeCroppedImages/PrototypeCroppedImages_Sex_Val/1254_cropped.jpg,0.5057116758207426,0.4942883241792574
1254,0,-0.37885671854019165,-0.2699226438999176,/home/magali/CV4Ecology-summer-school/PrototypeCroppedImages/PrototypeCroppedImages_Sex_Val/1255_cropped.jpg,0.4727933802671493,0.5272066197328508
1255,0,-0.41323283314704895,-0.39393487572669983,/home/magali/CV4Ecology-summer-school/PrototypeCroppedImages/PrototypeCroppedImages_Sex_Val/1256_cropped.jpg,0.4951756603638104,0.5048243396361897
1256,0,-0.523330569267273,-0.28713399171829224,/home/magali/CV4Ecology-summer-school/PrototypeCroppedImages/PrototypeCroppedImages_Sex_Val/1257_cropped.jpg,0.44122385619895343,0.5587761438010466
1257,0,-0.8684130907058716,-0.11002709716558456,/home/magali/CV4Ecology-summer-school/PrototypeCroppedImages/PrototypeCroppedImages_Sex_Val/1258_cropped.jpg,0.31899678700563994,0.68100321299436
1258,0,-0.6554815769195557,0.03749316185712814,/home/magali/CV4Ecology-summer-school/PrototypeCroppedImages/PrototypeCroppedImages_Sex_Val/1259_cropped.jpg,0.33337165483089,0.6666283451691101
1259,1,-0.5675280094146729,-0.5361865162849426,/home/magali/CV4Ecology-summer-school/PrototypeCroppedImages/PrototypeCroppedImages_Sex_Val/1260_cropped.jpg,0.49216526803811195,0.5078347319618881
1260,1,-0.24070654809474945,-0.07418655604124069,/home/magali/CV4Ecology-summer-school/PrototypeCroppedImages/PrototypeCroppedImages_Sex_Val/1261_cropped.jpg,0.45846593218931786,0.5415340678106821
1261,0,-0.06076507642865181,0.07684021443128586,/home/magali/CV4Ecology-summer-school/PrototypeCroppedImages/PrototypeCroppedImages_Sex_Val/1262_cropped.jpg,0.46565285773537374,0.5343471422646263
1262,0,-0.4549174904823303,-1.0808418989181519,/home/magali/CV4Ecology-summer-school/PrototypeCroppedImages/PrototypeCroppedImages_Sex_Val/1263_cropped.jpg,0.6515647607715173,0.3484352392284829
1263,0,-0.899310827255249,-0.33602991700172424,/home/magali/CV4Ecology-summer-school/PrototypeCroppedImages/PrototypeCroppedImages_Sex_Val/1264_cropped.jpg,0.3627886607796437,0.6372113392203563
1264,0,0.17452481389045715,-0.1613786816596985,/home/magali/CV4Ecology-summer-school/PrototypeCroppedImages/PrototypeCroppedImages_Sex_Val/1265_cropped.jpg,0.583195091108064,0.41680490889193594
1265,0,0.08407321572303772,-0.11772224307060242,/home/magali/CV4Ecology-summer-school/PrototypeCroppedImages/PrototypeCroppedImages_Sex_Val/1266_cropped.jpg,0.550278363240559,0.44972163675944105
1266,0,-0.6741934418678284,-0.774446964263916,/home/magali/CV4Ecology-summer-school/PrototypeCroppedImages/PrototypeCroppedImages_Sex_Val/1267_cropped.jpg,0.5250424094894666,0.4749575905105334
1267,0,-0.44640886783599854,-0.7497403621673584,/home/magali/CV4Ecology-summer-school/PrototypeCroppedImages/PrototypeCroppedImages_Sex_Val/1268_cropped.jpg,0.5752567256105364,0.4247432743894637
1268,0,-0.9102164506912231,-0.884972095489502,/home/magali/CV4Ecology-summer-school/PrototypeCroppedImages/PrototypeCroppedImages_Sex_Val/1269_cropped.jpg,0.4936892463377705,0.5063107536622294
1269,0,-0.9292464256286621,-0.635691225528717,/home/magali/CV4Ecology-summer-school/PrototypeCroppedImages/PrototypeCroppedImages_Sex_Val/1270_cropped.jpg,0.42713371886134965,0.5728662811386503
1270,0,-0.6044033169746399,-0.43043795228004456,/home/magali/CV4Ecology-summer-school/PrototypeCroppedImages/PrototypeCroppedImages_Sex_Val/1271_cropped.jpg,0.4566180128641663,0.5433819871358337
1271,1,-1.430098295211792,0.015468776226043701,/home/magali/CV4Ecology-summer-school/PrototypeCroppedImages/PrototypeCroppedImages_Sex_Val/1272_cropped.jpg,0.19068473571877123,0.8093152642812287
1272,1,-0.8921074271202087,-0.1527019739151001,/home/magali/CV4Ecology-summer-school/PrototypeCroppedImages/PrototypeCroppedImages_Sex_Val/1273_cropped.jpg,0.32313416845475795,0.6768658315452419
1273,1,-0.7594258785247803,-0.32883408665657043,/home/magali/CV4Ecology-summer-school/PrototypeCroppedImages/PrototypeCroppedImages_Sex_Val/1274_cropped.jpg,0.39398502599216983,0.6060149740078302
1274,1,-0.8366174697875977,-0.03722868114709854,/home/magali/CV4Ecology-summer-school/PrototypeCroppedImages/PrototypeCroppedImages_Sex_Val/1275_cropped.jpg,0.3101562780877863,0.6898437219122138
1275,1,-1.6281942129135132,-0.0949268564581871,/home/magali/CV4Ecology-summer-school/PrototypeCroppedImages/PrototypeCroppedImages_Sex_Val/1276_cropped.jpg,0.17751613540558048,0.8224838645944195
1276,1,-1.4327633380889893,-0.10349411517381668,/home/magali/CV4Ecology-summer-school/PrototypeCroppedImages/PrototypeCroppedImages_Sex_Val/1277_cropped.jpg,0.20928027000305333,0.7907197299969466
1277,1,-1.4555671215057373,0.03660225123167038,/home/magali/CV4Ecology-summer-school/PrototypeCroppedImages/PrototypeCroppedImages_Sex_Val/1278_cropped.jpg,0.1835963396908672,0.8164036603091328
1278,1,-0.4904041588306427,0.2359119951725006,/home/magali/CV4Ecology-summer-school/PrototypeCroppedImages/PrototypeCroppedImages_Sex_Val/1279_cropped.jpg,0.32600364205499477,0.6739963579450052
1279,1,-1.3818554878234863,-0.2988952696323395,/home/magali/CV4Ecology-summer-school/PrototypeCroppedImages/PrototypeCroppedImages_Sex_Val/1280_cropped.jpg,0.25294623172220004,0.7470537682777999
1280,1,-1.7041683197021484,-0.0013959743082523346,/home/magali/CV4Ecology-summer-school/PrototypeCroppedImages/PrototypeCroppedImages_Sex_Val/1281_cropped.jpg,0.15410352759760357,0.8458964724023965
1281,0,-1.2805074453353882,-0.023074693977832794,/home/magali/CV4Ecology-summer-school/PrototypeCroppedImages/PrototypeCroppedImages_Sex_Val/1282_cropped.jpg,0.22141614633415513,0.7785838536658449
1282,0,-1.2652088403701782,-0.361082524061203,/home/magali/CV4Ecology-summer-school/PrototypeCroppedImages/PrototypeCroppedImages_Sex_Val/1283_cropped.jpg,0.288203276765821,0.7117967232341789
1283,0,-0.6096351742744446,-0.3507467806339264,/home/magali/CV4Ecology-summer-school/PrototypeCroppedImages/PrototypeCroppedImages_Sex_Val/1284_cropped.jpg,0.4356369852688185,0.5643630147311816
1284,0,-1.0189591646194458,0.15335258841514587,/home/magali/CV4Ecology-summer-school/PrototypeCroppedImages/PrototypeCroppedImages_Sex_Val/1285_cropped.jpg,0.23643737827197867,0.7635626217280213
1285,1,-0.698131263256073,-0.6465013027191162,/home/magali/CV4Ecology-summer-school/PrototypeCroppedImages/PrototypeCroppedImages_Sex_Val/1286_cropped.jpg,0.48709537634228844,0.5129046236577115
1286,1,-1.3151090145111084,-0.9281077980995178,/home/magali/CV4Ecology-summer-school/PrototypeCroppedImages/PrototypeCroppedImages_Sex_Val/1287_cropped.jpg,0.4044394047550046,0.5955605952449954
1287,1,-0.8139259815216064,0.1508634090423584,/home/magali/CV4Ecology-summer-school/PrototypeCroppedImages/PrototypeCroppedImages_Sex_Val/1288_cropped.jpg,0.275920304542454,0.724079695457546
1288,1,-0.5219509601593018,0.0638214722275734,/home/magali/CV4Ecology-summer-school/PrototypeCroppedImages/PrototypeCroppedImages_Sex_Val/1289_cropped.jpg,0.35760544143672074,0.6423945585632793
1289,1,-1.1286875009536743,-0.7598970532417297,/home/magali/CV4Ecology-summer-school/PrototypeCroppedImages/PrototypeCroppedImages_Sex_Val/1290_cropped.jpg,0.4088333243432865,0.5911666756567135
1290,1,-0.6674526929855347,-0.7794079184532166,/home/magali/CV4Ecology-summer-school/PrototypeCroppedImages/PrototypeCroppedImages_Sex_Val/1291_cropped.jpg,0.5279596087184953,0.4720403912815047
1291,1,-1.4277821779251099,-0.4921858310699463,/home/magali/CV4Ecology-summer-school/PrototypeCroppedImages/PrototypeCroppedImages_Sex_Val/1292_cropped.jpg,0.28179071762799474,0.7182092823720052
1292,1,-1.2316668033599854,-0.6550060510635376,/home/magali/CV4Ecology-summer-school/PrototypeCroppedImages/PrototypeCroppedImages_Sex_Val/1293_cropped.jpg,0.3597013159171631,0.640298684082837
1293,1,-1.5767086744308472,-0.8020544052124023,/home/magali/CV4Ecology-summer-school/PrototypeCroppedImages/PrototypeCroppedImages_Sex_Val/1294_cropped.jpg,0.315473155421257,0.6845268445787429
1294,1,-0.7473052144050598,-0.82436603307724,/home/magali/CV4Ecology-summer-school/PrototypeCroppedImages/PrototypeCroppedImages_Sex_Val/1295_cropped.jpg,0.5192556766669928,0.48074432333300715
1295,0,-1.2463452816009521,-0.5015392303466797,/home/magali/CV4Ecology-summer-school/PrototypeCroppedImages/PrototypeCroppedImages_Sex_Val/1296_cropped.jpg,0.3219540879301811,0.6780459120698189
1296,0,-1.410881757736206,-0.4533643424510956,/home/magali/CV4Ecology-summer-school/PrototypeCroppedImages/PrototypeCroppedImages_Sex_Val/1297_cropped.jpg,0.27737552492060963,0.7226244750793904
1297,0,-0.5477645397186279,-0.42153221368789673,/home/magali/CV4Ecology-summer-school/PrototypeCroppedImages/PrototypeCroppedImages_Sex_Val/1298_cropped.jpg,0.4684837572759742,0.5315162427240256
1298,0,-1.0526137351989746,-0.017609499394893646,/home/magali/CV4Ecology-summer-school/PrototypeCroppedImages/PrototypeCroppedImages_Sex_Val/1299_cropped.jpg,0.2621150795574335,0.7378849204425665
1299,0,-0.15696842968463898,-0.5214421153068542,/home/magali/CV4Ecology-summer-school/PrototypeCroppedImages/PrototypeCroppedImages_Sex_Val/1300_cropped.jpg,0.590122954179467,0.4098770458205331
1300,0,-1.502884864807129,-0.024685360491275787,/home/magali/CV4Ecology-summer-school/PrototypeCroppedImages/PrototypeCroppedImages_Sex_Val/1301_cropped.jpg,0.18569952757275165,0.8143004724272482
1301,0,-1.3019812107086182,-0.387202650308609,/home/magali/CV4Ecology-summer-school/PrototypeCroppedImages/PrototypeCroppedImages_Sex_Val/1302_cropped.jpg,0.286022992110971,0.7139770078890291
1302,0,-1.0155006647109985,-0.4252849519252777,/home/magali/CV4Ecology-summer-school/PrototypeCroppedImages/PrototypeCroppedImages_Sex_Val/1303_cropped.jpg,0.3565853613067279,0.643414638693272
1303,0,-0.5780303478240967,0.25569871068000793,/home/magali/CV4Ecology-summer-school/PrototypeCroppedImages/PrototypeCroppedImages_Sex_Val/1304_cropped.jpg,0.3028571582017856,0.6971428417982145
1304,0,-0.34363889694213867,-0.36645689606666565,/home/magali/CV4Ecology-summer-school/PrototypeCroppedImages/PrototypeCroppedImages_Sex_Val/1305_cropped.jpg,0.5057042522847646,0.49429574771523543
1305,1,-1.329060673713684,-0.6150345206260681,/home/magali/CV4Ecology-summer-school/PrototypeCroppedImages/PrototypeCroppedImages_Sex_Val/1306_cropped.jpg,0.3287098186599101,0.6712901813400899
1306,1,-0.4855869710445404,-0.2876606285572052,/home/magali/CV4Ecology-summer-school/PrototypeCroppedImages/PrototypeCroppedImages_Sex_Val/1307_cropped.jpg,0.4506793201496238,0.549320679850376
1307,1,-0.578961193561554,-0.16230890154838562,/home/magali/CV4Ecology-summer-school/PrototypeCroppedImages/PrototypeCroppedImages_Sex_Val/1308_cropped.jpg,0.39731810411961177,0.6026818958803882
1308,1,-0.7756025195121765,-0.5406511425971985,/home/magali/CV4Ecology-summer-school/PrototypeCroppedImages/PrototypeCroppedImages_Sex_Val/1309_cropped.jpg,0.4415308770742637,0.5584691229257362
1309,1,-0.6264033913612366,-0.3681246042251587,/home/magali/CV4Ecology-summer-school/PrototypeCroppedImages/PrototypeCroppedImages_Sex_Val/1310_cropped.jpg,0.4357868674165977,0.5642131325834023
1310,1,-0.8753476738929749,-0.14473477005958557,/home/magali/CV4Ecology-summer-school/PrototypeCroppedImages/PrototypeCroppedImages_Sex_Val/1311_cropped.jpg,0.32506024430283637,0.6749397556971637
1311,1,-0.0364585779607296,-0.1301153302192688,/home/magali/CV4Ecology-summer-school/PrototypeCroppedImages/PrototypeCroppedImages_Sex_Val/1312_cropped.jpg,0.5233970880977511,0.476602911902249
1312,1,-1.0772098302841187,-0.39250072836875916,/home/magali/CV4Ecology-summer-school/PrototypeCroppedImages/PrototypeCroppedImages_Sex_Val/1313_cropped.jpg,0.33521109155807954,0.6647889084419204
1313,1,-0.6019734144210815,-0.41040050983428955,/home/magali/CV4Ecology-summer-school/PrototypeCroppedImages/PrototypeCroppedImages_Sex_Val/1314_cropped.jpg,0.45225271243896015,0.5477472875610399
1314,1,-1.0865401029586792,-0.6294999122619629,/home/magali/CV4Ecology-summer-school/PrototypeCroppedImages/PrototypeCroppedImages_Sex_Val/1315_cropped.jpg,0.38768820733302983,0.6123117926669702
1315,0,-0.7649803161621094,-0.6702685356140137,/home/magali/CV4Ecology-summer-school/PrototypeCroppedImages/PrototypeCroppedImages_Sex_Val/1316_cropped.jpg,0.47633973889811176,0.5236602611018883
1316,1,-0.5235304236412048,-0.04252921789884567,/home/magali/CV4Ecology-summer-school/PrototypeCroppedImages/PrototypeCroppedImages_Sex_Val/1317_cropped.jpg,0.38201573296225916,0.6179842670377408
1317,1,-0.7566417455673218,-0.49281904101371765,/home/magali/CV4Ecology-summer-school/PrototypeCroppedImages/PrototypeCroppedImages_Sex_Val/1318_cropped.jpg,0.434424236019573,0.5655757639804271
1318,1,-0.7759982347488403,-0.6555913686752319,/home/magali/CV4Ecology-summer-school/PrototypeCroppedImages/PrototypeCroppedImages_Sex_Val/1319_cropped.jpg,0.46993459825644296,0.5300654017435571
1319,1,-0.42569881677627563,-0.5156859159469604,/home/magali/CV4Ecology-summer-school/PrototypeCroppedImages/PrototypeCroppedImages_Sex_Val/1320_cropped.jpg,0.5224816061057758,0.47751839389422424
1320,1,-0.3708990514278412,-0.9980412721633911,/home/magali/CV4Ecology-summer-school/PrototypeCroppedImages/PrototypeCroppedImages_Sex_Val/1321_cropped.jpg,0.6518411873561749,0.34815881264382503
1321,1,-0.7473512887954712,-0.16343191266059875,/home/magali/CV4Ecology-summer-school/PrototypeCroppedImages/PrototypeCroppedImages_Sex_Val/1322_cropped.jpg,0.35803124477424986,0.64196875522575
1322,1,-0.7854798436164856,-0.5117588639259338,/home/magali/CV4Ecology-summer-school/PrototypeCroppedImages/PrototypeCroppedImages_Sex_Val/1323_cropped.jpg,0.43199382899713923,0.5680061710028608
1323,1,-0.26677414774894714,-0.6876614093780518,/home/magali/CV4Ecology-summer-school/PrototypeCroppedImages/PrototypeCroppedImages_Sex_Val/1324_cropped.jpg,0.6036955442736471,0.39630445572635287
1324,1,-1.0704379081726074,-0.9854306578636169,/home/magali/CV4Ecology-summer-school/PrototypeCroppedImages/PrototypeCroppedImages_Sex_Val/1325_cropped.jpg,0.47876097572678616,0.5212390242732138
1325,1,-0.10990692675113678,0.03834699094295502,/home/magali/CV4Ecology-summer-school/PrototypeCroppedImages/PrototypeCroppedImages_Sex_Val/1326_cropped.jpg,0.46300425724381633,0.5369957427561836
1326,1,-0.1636495441198349,0.13802781701087952,/home/magali/CV4Ecology-summer-school/PrototypeCroppedImages/PrototypeCroppedImages_Sex_Val/1327_cropped.jpg,0.4251474896090205,0.5748525103909796
1327,1,-0.16971981525421143,0.062011562287807465,/home/magali/CV4Ecology-summer-school/PrototypeCroppedImages/PrototypeCroppedImages_Sex_Val/1328_cropped.jpg,0.4423250177313322,0.5576749822686677
1328,1,-0.14302025735378265,-0.04324955493211746,/home/magali/CV4Ecology-summer-school/PrototypeCroppedImages/PrototypeCroppedImages_Sex_Val/1329_cropped.jpg,0.47507799417043783,0.524922005829562
1329,1,-0.15884076058864594,-0.017858974635601044,/home/magali/CV4Ecology-summer-school/PrototypeCroppedImages/PrototypeCroppedImages_Sex_Val/1330_cropped.jpg,0.4648128155220308,0.5351871844779692
1330,1,0.29352977871894836,0.0842638686299324,/home/magali/CV4Ecology-summer-school/PrototypeCroppedImages/PrototypeCroppedImages_Sex_Val/1331_cropped.jpg,0.5521263886907449,0.44787361130925507
1331,1,0.011426147073507309,-0.15287092328071594,/home/magali/CV4Ecology-summer-school/PrototypeCroppedImages/PrototypeCroppedImages_Sex_Val/1332_cropped.jpg,0.5409821213686666,0.4590178786313334
1332,1,0.021219709888100624,0.1497015357017517,/home/magali/CV4Ecology-summer-school/PrototypeCroppedImages/PrototypeCroppedImages_Sex_Val/1333_cropped.jpg,0.46792365664385094,0.5320763433561492
1333,1,-0.3500041663646698,0.09267749637365341,/home/magali/CV4Ecology-summer-school/PrototypeCroppedImages/PrototypeCroppedImages_Sex_Val/1334_cropped.jpg,0.39110216853950763,0.6088978314604924
1334,1,-0.17891953885555267,0.11303684860467911,/home/magali/CV4Ecology-summer-school/PrototypeCroppedImages/PrototypeCroppedImages_Sex_Val/1335_cropped.jpg,0.4275249786319132,0.5724750213680868
1335,1,-0.20242516696453094,-0.014738433063030243,/home/magali/CV4Ecology-summer-school/PrototypeCroppedImages/PrototypeCroppedImages_Sex_Val/1336_cropped.jpg,0.4532155728557933,0.5467844271442066
1336,0,-0.31406253576278687,-0.11994796246290207,/home/magali/CV4Ecology-summer-school/PrototypeCroppedImages/PrototypeCroppedImages_Sex_Val/1337_cropped.jpg,0.4516231665050482,0.5483768334949517
1337,0,-0.42655131220817566,-0.36796948313713074,/home/magali/CV4Ecology-summer-school/PrototypeCroppedImages/PrototypeCroppedImages_Sex_Val/1338_cropped.jpg,0.4853587296895041,0.5146412703104959
1338,0,-0.6270126700401306,-0.5650598406791687,/home/magali/CV4Ecology-summer-school/PrototypeCroppedImages/PrototypeCroppedImages_Sex_Val/1339_cropped.jpg,0.48451674460167776,0.5154832553983224
1339,0,-0.16247214376926422,-0.09347406029701233,/home/magali/CV4Ecology-summer-school/PrototypeCroppedImages/PrototypeCroppedImages_Sex_Val/1340_cropped.jpg,0.48275731924278864,0.5172426807572114
1340,0,-0.6185739040374756,-0.5770446062088013,/home/magali/CV4Ecology-summer-school/PrototypeCroppedImages/PrototypeCroppedImages_Sex_Val/1341_cropped.jpg,0.4896191674700312,0.5103808325299688
1341,0,-0.3543383777141571,-0.2913714349269867,/home/magali/CV4Ecology-summer-school/PrototypeCroppedImages/PrototypeCroppedImages_Sex_Val/1342_cropped.jpg,0.4842634633584243,0.5157365366415758
1342,0,-0.26485708355903625,-0.32100823521614075,/home/magali/CV4Ecology-summer-school/PrototypeCroppedImages/PrototypeCroppedImages_Sex_Val/1343_cropped.jpg,0.514034100704404,0.485965899295596
1343,0,-0.5552061796188354,-0.6431862711906433,/home/magali/CV4Ecology-summer-school/PrototypeCroppedImages/PrototypeCroppedImages_Sex_Val/1344_cropped.jpg,0.5219808461665072,0.4780191538334928
1344,0,-0.3069548010826111,-0.14772996306419373,/home/magali/CV4Ecology-summer-school/PrototypeCroppedImages/PrototypeCroppedImages_Sex_Val/1345_cropped.jpg,0.46027767690161003,0.53972232309839
1345,0,-0.29895874857902527,0.023883096873760223,/home/magali/CV4Ecology-summer-school/PrototypeCroppedImages/PrototypeCroppedImages_Sex_Val/1346_cropped.jpg,0.41998332489430434,0.5800166751056957
1346,1,-0.4937858581542969,-0.1546885371208191,/home/magali/CV4Ecology-summer-school/PrototypeCroppedImages/PrototypeCroppedImages_Sex_Val/1347_cropped.jpg,0.4160287652282088,0.5839712347717912
1347,1,-0.9938684701919556,0.027275070548057556,/home/magali/CV4Ecology-summer-school/PrototypeCroppedImages/PrototypeCroppedImages_Sex_Val/1348_cropped.jpg,0.2648047125206004,0.7351952874793997
1348,1,-0.28468239307403564,-0.08688678592443466,/home/magali/CV4Ecology-summer-school/PrototypeCroppedImages/PrototypeCroppedImages_Sex_Val/1349_cropped.jpg,0.4507116861751454,0.5492883138248545
1349,1,-0.5504193902015686,-0.19540533423423767,/home/magali/CV4Ecology-summer-school/PrototypeCroppedImages/PrototypeCroppedImages_Sex_Val/1350_cropped.jpg,0.4121670559579833,0.5878329440420167
1350,1,-0.9169790148735046,0.07726316154003143,/home/magali/CV4Ecology-summer-school/PrototypeCroppedImages/PrototypeCroppedImages_Sex_Val/1351_cropped.jpg,0.2700749831492863,0.7299250168507138
1351,1,-0.03912569209933281,-0.29532626271247864,/home/magali/CV4Ecology-summer-school/PrototypeCroppedImages/PrototypeCroppedImages_Sex_Val/1352_cropped.jpg,0.5637020796022475,0.4362979203977525
1352,1,-0.17444095015525818,-0.16752129793167114,/home/magali/CV4Ecology-summer-school/PrototypeCroppedImages/PrototypeCroppedImages_Sex_Val/1353_cropped.jpg,0.498270093846652,0.5017299061533479
1353,1,-0.9387610554695129,-0.009203530848026276,/home/magali/CV4Ecology-summer-school/PrototypeCroppedImages/PrototypeCroppedImages_Sex_Val/1354_cropped.jpg,0.2830144917903365,0.7169855082096636
1354,1,-0.8619145154953003,-0.9284931421279907,/home/magali/CV4Ecology-summer-school/PrototypeCroppedImages/PrototypeCroppedImages_Sex_Val/1355_cropped.jpg,0.5166385109661444,0.4833614890338555
1355,1,-0.8600513935089111,-0.8252808451652527,/home/magali/CV4Ecology-summer-school/PrototypeCroppedImages/PrototypeCroppedImages_Sex_Val/1356_cropped.jpg,0.4913082385849079,0.5086917614150921
1356,1,-1.169546365737915,-0.5510267615318298,/home/magali/CV4Ecology-summer-school/PrototypeCroppedImages/PrototypeCroppedImages_Sex_Val/1357_cropped.jpg,0.350118219166948,0.649881780833052
1357,1,-0.4809589385986328,0.24080389738082886,/home/magali/CV4Ecology-summer-school/PrototypeCroppedImages/PrototypeCroppedImages_Sex_Val/1358_cropped.jpg,0.32700491261285086,0.6729950873871492
1358,1,-1.4093003273010254,-0.8542930483818054,/home/magali/CV4Ecology-summer-school/PrototypeCroppedImages/PrototypeCroppedImages_Sex_Val/1359_cropped.jpg,0.3647034641874542,0.6352965358125457
1359,0,0.054776545614004135,0.138448566198349,/home/magali/CV4Ecology-summer-school/PrototypeCroppedImages/PrototypeCroppedImages_Sex_Val/1360_cropped.jpg,0.47909419024107364,0.5209058097589264
1360,0,-0.38487958908081055,0.06576641649007797,/home/magali/CV4Ecology-summer-school/PrototypeCroppedImages/PrototypeCroppedImages_Sex_Val/1361_cropped.jpg,0.3892071834205855,0.6107928165794146
1361,0,-0.33630990982055664,0.009258531033992767,/home/magali/CV4Ecology-summer-school/PrototypeCroppedImages/PrototypeCroppedImages_Sex_Val/1362_cropped.jpg,0.4144574735318189,0.5855425264681812
1362,0,-1.3049585819244385,-0.23013794422149658,/home/magali/CV4Ecology-summer-school/PrototypeCroppedImages/PrototypeCroppedImages_Sex_Val/1363_cropped.jpg,0.25448741363037947,0.7455125863696206
1363,0,-1.2651170492172241,-0.32663246989250183,/home/magali/CV4Ecology-summer-school/PrototypeCroppedImages/PrototypeCroppedImages_Sex_Val/1364_cropped.jpg,0.2812065521099257,0.7187934478900743
1364,0,-0.35652321577072144,-0.11023109406232834,/home/magali/CV4Ecology-summer-school/PrototypeCroppedImages/PrototypeCroppedImages_Sex_Val/1365_cropped.jpg,0.43873634374041176,0.5612636562595883
1365,0,-1.3058226108551025,-0.28410977125167847,/home/magali/CV4Ecology-summer-school/PrototypeCroppedImages/PrototypeCroppedImages_Sex_Val/1366_cropped.jpg,0.2646938944504876,0.7353061055495125
1366,0,-1.3399211168289185,-0.25222232937812805,/home/magali/CV4Ecology-summer-school/PrototypeCroppedImages/PrototypeCroppedImages_Sex_Val/1367_cropped.jpg,0.2520518593552054,0.7479481406447945
1367,0,-0.12926959991455078,-0.1298205852508545,/home/magali/CV4Ecology-summer-school/PrototypeCroppedImages/PrototypeCroppedImages_Sex_Val/1368_cropped.jpg,0.5001377463305912,0.49986225366940895
1368,0,-0.3879159986972809,0.13278529047966003,/home/magali/CV4Ecology-summer-school/PrototypeCroppedImages/PrototypeCroppedImages_Sex_Val/1369_cropped.jpg,0.37268826344976536,0.6273117365502346
1369,1,-0.35299623012542725,0.08726727217435837,/home/magali/CV4Ecology-summer-school/PrototypeCroppedImages/PrototypeCroppedImages_Sex_Val/1370_cropped.jpg,0.3916781837215817,0.6083218162784183
1370,1,-0.5562443137168884,0.03153636306524277,/home/magali/CV4Ecology-summer-school/PrototypeCroppedImages/PrototypeCroppedImages_Sex_Val/1371_cropped.jpg,0.35714423196749984,0.6428557680325002
1371,1,-0.20762406289577484,0.028763748705387115,/home/magali/CV4Ecology-summer-school/PrototypeCroppedImages/PrototypeCroppedImages_Sex_Val/1372_cropped.jpg,0.4411767088598531,0.558823291140147
1372,1,-0.7109114527702332,-0.11211515218019485,/home/magali/CV4Ecology-summer-school/PrototypeCroppedImages/PrototypeCroppedImages_Sex_Val/1373_cropped.jpg,0.35461912948734914,0.6453808705126509
1373,1,-0.3470436930656433,0.07081753760576248,/home/magali/CV4Ecology-summer-school/PrototypeCroppedImages/PrototypeCroppedImages_Sex_Val/1374_cropped.jpg,0.3970286519532474,0.6029713480467527
1374,1,-0.4995962381362915,0.030965186655521393,/home/magali/CV4Ecology-summer-school/PrototypeCroppedImages/PrototypeCroppedImages_Sex_Val/1375_cropped.jpg,0.3703859541349373,0.6296140458650626
1375,1,-0.46253839135169983,-0.009741552174091339,/home/magali/CV4Ecology-summer-school/PrototypeCroppedImages/PrototypeCroppedImages_Sex_Val/1376_cropped.jpg,0.3886959986159366,0.6113040013840634
1376,1,-0.2232615053653717,-0.0756259635090828,/home/magali/CV4Ecology-summer-school/PrototypeCroppedImages/PrototypeCroppedImages_Sex_Val/1377_cropped.jpg,0.4631580083540514,0.5368419916459486
1377,1,-0.443891704082489,-0.026039116084575653,/home/magali/CV4Ecology-summer-school/PrototypeCroppedImages/PrototypeCroppedImages_Sex_Val/1378_cropped.jpg,0.3970307209843432,0.6029692790156567
1378,1,-0.37499773502349854,0.08220737427473068,/home/magali/CV4Ecology-summer-school/PrototypeCroppedImages/PrototypeCroppedImages_Sex_Val/1379_cropped.jpg,0.3876490586810054,0.6123509413189946
1379,1,0.022943321615457535,-0.2530326843261719,/home/magali/CV4Ecology-summer-school/PrototypeCroppedImages/PrototypeCroppedImages_Sex_Val/1380_cropped.jpg,0.5685594133543026,0.43144058664569745
1380,1,0.22243964672088623,-0.21683958172798157,/home/magali/CV4Ecology-summer-school/PrototypeCroppedImages/PrototypeCroppedImages_Sex_Val/1381_cropped.jpg,0.6080872719191853,0.3919127280808147
1381,1,-0.006158959120512009,-0.3000706434249878,/home/magali/CV4Ecology-summer-school/PrototypeCroppedImages/PrototypeCroppedImages_Sex_Val/1382_cropped.jpg,0.5729535071720284,0.4270464928279716
1382,1,0.2868199944496155,-0.22212430834770203,/home/magali/CV4Ecology-summer-school/PrototypeCroppedImages/PrototypeCroppedImages_Sex_Val/1383_cropped.jpg,0.6245589618112511,0.3754410381887488
1383,1,-0.01652456820011139,-0.23468360304832458,/home/magali/CV4Ecology-summer-school/PrototypeCroppedImages/PrototypeCroppedImages_Sex_Val/1384_cropped.jpg,0.5543244723894593,0.4456755276105407
1384,1,0.0904938280582428,-0.22411808371543884,/home/magali/CV4Ecology-summer-school/PrototypeCroppedImages/PrototypeCroppedImages_Sex_Val/1385_cropped.jpg,0.5780105754637392,0.42198942453626087
1385,1,-0.0113750658929348,-0.2731344699859619,/home/magali/CV4Ecology-summer-school/PrototypeCroppedImages/PrototypeCroppedImages_Sex_Val/1386_cropped.jpg,0.5650687430090201,0.43493125699097995
1386,1,-0.012400701642036438,-0.10016603022813797,/home/magali/CV4Ecology-summer-school/PrototypeCroppedImages/PrototypeCroppedImages_Sex_Val/1387_cropped.jpg,0.5219272589316872,0.4780727410683129
1387,1,0.06049312278628349,-0.14903467893600464,/home/magali/CV4Ecology-summer-school/PrototypeCroppedImages/PrototypeCroppedImages_Sex_Val/1388_cropped.jpg,0.5521911491130437,0.44780885088695627
1388,0,-1.5100653171539307,-0.3936719596385956,/home/magali/CV4Ecology-summer-school/PrototypeCroppedImages/PrototypeCroppedImages_Sex_Val/1389_cropped.jpg,0.24668089136469498,0.7533191086353049
1389,0,-0.6892138123512268,-0.8415286540985107,/home/magali/CV4Ecology-summer-school/PrototypeCroppedImages/PrototypeCroppedImages_Sex_Val/1390_cropped.jpg,0.5380052625892439,0.4619947374107562
1390,0,-1.371009111404419,-0.47136032581329346,/home/magali/CV4Ecology-summer-school/PrototypeCroppedImages/PrototypeCroppedImages_Sex_Val/1391_cropped.jpg,0.2891226773909303,0.7108773226090698
1391,0,-0.8580241799354553,-0.9487461447715759,/home/magali/CV4Ecology-summer-school/PrototypeCroppedImages/PrototypeCroppedImages_Sex_Val/1392_cropped.jpg,0.5226649480671737,0.47733505193282627
1392,0,-0.9251280426979065,-0.30932843685150146,/home/magali/CV4Ecology-summer-school/PrototypeCroppedImages/PrototypeCroppedImages_Sex_Val/1393_cropped.jpg,0.3507373672539947,0.6492626327460053
1393,0,-1.3224773406982422,-0.829365611076355,/home/magali/CV4Ecology-summer-school/PrototypeCroppedImages/PrototypeCroppedImages_Sex_Val/1394_cropped.jpg,0.3791607981341603,0.6208392018658397
1394,0,-1.0010111331939697,-0.769361138343811,/home/magali/CV4Ecology-summer-school/PrototypeCroppedImages/PrototypeCroppedImages_Sex_Val/1395_cropped.jpg,0.44234509278683587,0.5576549072131641
1395,0,-1.416783094406128,-0.2391185760498047,/home/magali/CV4Ecology-summer-school/PrototypeCroppedImages/PrototypeCroppedImages_Sex_Val/1396_cropped.jpg,0.2354723818629195,0.7645276181370805
1396,0,-1.0648362636566162,-0.7197309136390686,/home/magali/CV4Ecology-summer-school/PrototypeCroppedImages/PrototypeCroppedImages_Sex_Val/1397_cropped.jpg,0.4145698620129763,0.5854301379870237
1397,0,-0.8508551120758057,-0.7480370402336121,/home/magali/CV4Ecology-summer-school/PrototypeCroppedImages/PrototypeCroppedImages_Sex_Val/1398_cropped.jpg,0.47431810285506704,0.525681897144933
1398,0,0.33774951100349426,0.12230870872735977,/home/magali/CV4Ecology-summer-school/PrototypeCroppedImages/PrototypeCroppedImages_Sex_Val/1399_cropped.jpg,0.5536528373893986,0.4463471626106014
1399,0,0.1804848462343216,0.021660655736923218,/home/magali/CV4Ecology-summer-school/PrototypeCroppedImages/PrototypeCroppedImages_Sex_Val/1400_cropped.jpg,0.5396227918023412,0.4603772081976588
1400,0,0.36512047052383423,0.06968037039041519,/home/magali/CV4Ecology-summer-school/PrototypeCroppedImages/PrototypeCroppedImages_Sex_Val/1401_cropped.jpg,0.5733274348058663,0.4266725651941336
1401,0,-0.2745284140110016,-0.04846189171075821,/home/magali/CV4Ecology-summer-school/PrototypeCroppedImages/PrototypeCroppedImages_Sex_Val/1402_cropped.jpg,0.44372284090632585,0.5562771590936741
1402,0,-0.5045074224472046,-0.3387717306613922,/home/magali/CV4Ecology-summer-school/PrototypeCroppedImages/PrototypeCroppedImages_Sex_Val/1403_cropped.jpg,0.4586606606098176,0.5413393393901824
1403,0,-0.2055496871471405,0.13451561331748962,/home/magali/CV4Ecology-summer-school/PrototypeCroppedImages/PrototypeCroppedImages_Sex_Val/1404_cropped.jpg,0.41579361488822236,0.5842063851117777
1404,0,-0.07467927038669586,0.05829622596502304,/home/magali/CV4Ecology-summer-school/PrototypeCroppedImages/PrototypeCroppedImages_Sex_Val/1405_cropped.jpg,0.4668050256325537,0.5331949743674462
1405,0,-0.8973899483680725,-0.4601511061191559,/home/magali/CV4Ecology-summer-school/PrototypeCroppedImages/PrototypeCroppedImages_Sex_Val/1406_cropped.jpg,0.39239909418218366,0.6076009058178163
1406,0,-0.8692328929901123,-0.4911816418170929,/home/magali/CV4Ecology-summer-school/PrototypeCroppedImages/PrototypeCroppedImages_Sex_Val/1407_cropped.jpg,0.4065969974362883,0.5934030025637116
1407,0,-0.1498912125825882,-0.058114565908908844,/home/magali/CV4Ecology-summer-school/PrototypeCroppedImages/PrototypeCroppedImages_Sex_Val/1408_cropped.jpg,0.477071929577509,0.5229280704224911
1408,0,-0.2535569965839386,0.03593616932630539,/home/magali/CV4Ecology-summer-school/PrototypeCroppedImages/PrototypeCroppedImages_Sex_Val/1409_cropped.jpg,0.42812795297047607,0.571872047029524
1409,0,-0.887347400188446,-0.5453251600265503,/home/magali/CV4Ecology-summer-school/PrototypeCroppedImages/PrototypeCroppedImages_Sex_Val/1410_cropped.jpg,0.41531833453776085,0.5846816654622392
1410,0,-0.7206839323043823,-0.4942297041416168,/home/magali/CV4Ecology-summer-school/PrototypeCroppedImages/PrototypeCroppedImages_Sex_Val/1411_cropped.jpg,0.44362714444035606,0.5563728555596439
1411,0,0.16320408880710602,-0.16393589973449707,/home/magali/CV4Ecology-summer-school/PrototypeCroppedImages/PrototypeCroppedImages_Sex_Val/1412_cropped.jpg,0.5810633297133735,0.41893667028662646
1412,0,-0.6550444960594177,0.03767440468072891,/home/magali/CV4Ecology-summer-school/PrototypeCroppedImages/PrototypeCroppedImages_Sex_Val/1413_cropped.jpg,0.3334285134191187,0.6665714865808813
1413,0,-0.0045594722032547,-0.07186330109834671,/home/magali/CV4Ecology-summer-school/PrototypeCroppedImages/PrototypeCroppedImages_Sex_Val/1414_cropped.jpg,0.5168196085736039,0.483180391426396
1414,0,0.2026597112417221,0.03846795856952667,/home/magali/CV4Ecology-summer-school/PrototypeCroppedImages/PrototypeCroppedImages_Sex_Val/1415_cropped.jpg,0.5409559687199617,0.45904403128003834
1415,0,-0.09266041219234467,-0.16061246395111084,/home/magali/CV4Ecology-summer-school/PrototypeCroppedImages/PrototypeCroppedImages_Sex_Val/1416_cropped.jpg,0.5169814791372525,0.4830185208627475
1416,0,-0.07056091725826263,0.0502825602889061,/home/magali/CV4Ecology-summer-school/PrototypeCroppedImages/PrototypeCroppedImages_Sex_Val/1417_cropped.jpg,0.4698258414829226,0.5301741585170774
1417,0,-0.16812971234321594,0.12870168685913086,/home/magali/CV4Ecology-summer-school/PrototypeCroppedImages/PrototypeCroppedImages_Sex_Val/1418_cropped.jpg,0.426332256093891,0.573667743906109
1418,0,-0.1862991601228714,-0.21576198935508728,/home/magali/CV4Ecology-summer-school/PrototypeCroppedImages/PrototypeCroppedImages_Sex_Val/1419_cropped.jpg,0.507365174532351,0.4926348254676489
1419,0,-0.809307873249054,-0.16312500834465027,/home/magali/CV4Ecology-summer-school/PrototypeCroppedImages/PrototypeCroppedImages_Sex_Val/1420_cropped.jpg,0.34385023479352805,0.656149765206472
1420,0,-0.18243880569934845,0.04398571699857712,/home/magali/CV4Ecology-summer-school/PrototypeCroppedImages/PrototypeCroppedImages_Sex_Val/1421_cropped.jpg,0.4436344764178812,0.5563655235821189
1421,0,0.18397842347621918,-0.1517396867275238,/home/magali/CV4Ecology-summer-school/PrototypeCroppedImages/PrototypeCroppedImages_Sex_Val/1422_cropped.jpg,0.5831500272069973,0.4168499727930027
1422,0,-0.3509959578514099,-0.10076478868722916,/home/magali/CV4Ecology-summer-school/PrototypeCroppedImages/PrototypeCroppedImages_Sex_Val/1423_cropped.jpg,0.43776660132208084,0.5622333986779191
1423,0,-0.4499610364437103,-0.5604367852210999,/home/magali/CV4Ecology-summer-school/PrototypeCroppedImages/PrototypeCroppedImages_Sex_Val/1424_cropped.jpg,0.5275908809262304,0.47240911907376953
1424,0,-0.4681151509284973,-0.22683683037757874,/home/magali/CV4Ecology-summer-school/PrototypeCroppedImages/PrototypeCroppedImages_Sex_Val/1425_cropped.jpg,0.4399713528158048,0.5600286471841951
1425,0,-0.48360174894332886,-0.21687549352645874,/home/magali/CV4Ecology-summer-school/PrototypeCroppedImages/PrototypeCroppedImages_Sex_Val/1426_cropped.jpg,0.4337109704062016,0.5662890295937986
1426,0,-0.5122280716896057,-0.13639703392982483,/home/magali/CV4Ecology-summer-school/PrototypeCroppedImages/PrototypeCroppedImages_Sex_Val/1427_cropped.jpg,0.40713279226952936,0.5928672077304705
1427,0,-0.2245289832353592,-0.2815551161766052,/home/magali/CV4Ecology-summer-school/PrototypeCroppedImages/PrototypeCroppedImages_Sex_Val/1428_cropped.jpg,0.5142526709947458,0.4857473290052542
1428,0,-0.4996684789657593,-0.38630202412605286,/home/magali/CV4Ecology-summer-school/PrototypeCroppedImages/PrototypeCroppedImages_Sex_Val/1429_cropped.jpg,0.47168870108770816,0.5283112989122917
1429,0,-0.30415281653404236,-0.3581332564353943,/home/magali/CV4Ecology-summer-school/PrototypeCroppedImages/PrototypeCroppedImages_Sex_Val/1430_cropped.jpg,0.513491833993456,0.4865081660065441
1430,0,-0.8813703656196594,-0.1694105565547943,/home/magali/CV4Ecology-summer-school/PrototypeCroppedImages/PrototypeCroppedImages_Sex_Val/1431_cropped.jpg,0.32916593873675226,0.6708340612632477
1431,0,-0.5157061815261841,-0.5699459314346313,/home/magali/CV4Ecology-summer-school/PrototypeCroppedImages/PrototypeCroppedImages_Sex_Val/1432_cropped.jpg,0.5135566140661365,0.4864433859338636
1432,0,-1.5066763162612915,-0.3096558451652527,/home/magali/CV4Ecology-summer-school/PrototypeCroppedImages/PrototypeCroppedImages_Sex_Val/1433_cropped.jpg,0.2320056821498581,0.7679943178501419
1433,0,-0.5530897974967957,-0.017855770885944366,/home/magali/CV4Ecology-summer-school/PrototypeCroppedImages/PrototypeCroppedImages_Sex_Val/1434_cropped.jpg,0.3692969639720681,0.6307030360279318
1434,0,-0.7895574569702148,-0.3155340850353241,/home/magali/CV4Ecology-summer-school/PrototypeCroppedImages/PrototypeCroppedImages_Sex_Val/1435_cropped.jpg,0.38366440858627326,0.6163355914137266
1435,0,-0.3256028890609741,-0.748076319694519,/home/magali/CV4Ecology-summer-school/PrototypeCroppedImages/PrototypeCroppedImages_Sex_Val/1436_cropped.jpg,0.6040749683340604,0.39592503166593973
1436,0,-0.47835928201675415,-0.42546728253364563,/home/magali/CV4Ecology-summer-school/PrototypeCroppedImages/PrototypeCroppedImages_Sex_Val/1437_cropped.jpg,0.4867800819490041,0.5132199180509959
1437,0,-0.0374179407954216,-0.7146320343017578,/home/magali/CV4Ecology-summer-school/PrototypeCroppedImages/PrototypeCroppedImages_Sex_Val/1438_cropped.jpg,0.6631166285788073,0.3368833714211927
1438,0,-0.6364305019378662,-0.33466848731040955,/home/magali/CV4Ecology-summer-school/PrototypeCroppedImages/PrototypeCroppedImages_Sex_Val/1439_cropped.jpg,0.42512680067087727,0.5748731993291227
1439,0,-0.691439151763916,-0.19554835557937622,/home/magali/CV4Ecology-summer-school/PrototypeCroppedImages/PrototypeCroppedImages_Sex_Val/1440_cropped.jpg,0.3785068317726649,0.6214931682273351
1440,0,-0.45830580592155457,-0.8971725106239319,/home/magali/CV4Ecology-summer-school/PrototypeCroppedImages/PrototypeCroppedImages_Sex_Val/1441_cropped.jpg,0.6079889560566902,0.3920110439433097
1441,0,0.14247044920921326,-0.3338793218135834,/home/magali/CV4Ecology-summer-school/PrototypeCroppedImages/PrototypeCroppedImages_Sex_Val/1442_cropped.jpg,0.6168855566783389,0.3831144433216613
1442,0,-0.7307416200637817,-0.2858351171016693,/home/magali/CV4Ecology-summer-school/PrototypeCroppedImages/PrototypeCroppedImages_Sex_Val/1443_cropped.jpg,0.3905724708339942,0.6094275291660058
1443,0,-0.038635652512311935,-0.411233127117157,/home/magali/CV4Ecology-summer-school/PrototypeCroppedImages/PrototypeCroppedImages_Sex_Val/1444_cropped.jpg,0.5920864704506695,0.4079135295493305
1444,0,-0.1768559366464615,-0.8130478858947754,/home/magali/CV4Ecology-summer-school/PrototypeCroppedImages/PrototypeCroppedImages_Sex_Val/1445_cropped.jpg,0.6538921389867076,0.34610786101329233
1445,1,-0.3021465241909027,0.03406360000371933,/home/magali/CV4Ecology-summer-school/PrototypeCroppedImages/PrototypeCroppedImages_Sex_Val/1446_cropped.jpg,0.4167303759393476,0.5832696240606523
1446,1,-0.6833329200744629,-0.1714613437652588,/home/magali/CV4Ecology-summer-school/PrototypeCroppedImages/PrototypeCroppedImages_Sex_Val/1447_cropped.jpg,0.3747548869421091,0.6252451130578909
1447,1,-0.652259886264801,-0.04356410354375839,/home/magali/CV4Ecology-summer-school/PrototypeCroppedImages/PrototypeCroppedImages_Sex_Val/1448_cropped.jpg,0.3523567648849562,0.6476432351150438
1448,1,-0.5230196714401245,-0.41279488801956177,/home/magali/CV4Ecology-summer-school/PrototypeCroppedImages/PrototypeCroppedImages_Sex_Val/1449_cropped.jpg,0.47247166979670946,0.5275283302032906
1449,1,-0.8053022623062134,-0.08538638800382614,/home/magali/CV4Ecology-summer-school/PrototypeCroppedImages/PrototypeCroppedImages_Sex_Val/1450_cropped.jpg,0.3274115082533836,0.6725884917466163
1450,1,-0.3105400800704956,-0.11817439645528793,/home/magali/CV4Ecology-summer-school/PrototypeCroppedImages/PrototypeCroppedImages_Sex_Val/1451_cropped.jpg,0.45205633250610017,0.5479436674938999
1451,1,-0.8001112937927246,-0.3324105441570282,/home/magali/CV4Ecology-summer-school/PrototypeCroppedImages/PrototypeCroppedImages_Sex_Val/1452_cropped.jpg,0.38516058950731086,0.6148394104926891
1452,1,-0.8738028407096863,-0.35930335521698,/home/magali/CV4Ecology-summer-school/PrototypeCroppedImages/PrototypeCroppedImages_Sex_Val/1453_cropped.jpg,0.374139334871437,0.6258606651285631
1453,1,-0.6588637232780457,-0.260720431804657,/home/magali/CV4Ecology-summer-school/PrototypeCroppedImages/PrototypeCroppedImages_Sex_Val/1454_cropped.jpg,0.40175851568927373,0.5982414843107263
1454,1,-0.4982067346572876,-0.3865782916545868,/home/magali/CV4Ecology-summer-school/PrototypeCroppedImages/PrototypeCroppedImages_Sex_Val/1455_cropped.jpg,0.47212183218229453,0.5278781678177055
1455,1,-0.988758385181427,-0.4377424418926239,/home/magali/CV4Ecology-summer-school/PrototypeCroppedImages/PrototypeCroppedImages_Sex_Val/1456_cropped.jpg,0.36562873451772454,0.6343712654822755
1456,1,-0.3634268641471863,-0.24668526649475098,/home/magali/CV4Ecology-summer-school/PrototypeCroppedImages/PrototypeCroppedImages_Sex_Val/1457_cropped.jpg,0.4708477018213233,0.5291522981786768
1457,1,-0.43116551637649536,-0.29683762788772583,/home/magali/CV4Ecology-summer-school/PrototypeCroppedImages/PrototypeCroppedImages_Sex_Val/1458_cropped.jpg,0.46646843296956714,0.533531567030433
1458,1,-0.38943734765052795,-0.18187126517295837,/home/magali/CV4Ecology-summer-school/PrototypeCroppedImages/PrototypeCroppedImages_Sex_Val/1459_cropped.jpg,0.4482939866543529,0.5517060133456472
1459,1,-0.7462852001190186,-0.1964012086391449,/home/magali/CV4Ecology-summer-school/PrototypeCroppedImages/PrototypeCroppedImages_Sex_Val/1460_cropped.jpg,0.3658913242713428,0.6341086757286571
1460,1,-0.20758889615535736,-0.20744532346725464,/home/magali/CV4Ecology-summer-school/PrototypeCroppedImages/PrototypeCroppedImages_Sex_Val/1461_cropped.jpg,0.499964106828036,0.5000358931719641
1461,1,-0.7682679891586304,-0.4730619788169861,/home/magali/CV4Ecology-summer-school/PrototypeCroppedImages/PrototypeCroppedImages_Sex_Val/1462_cropped.jpg,0.4267298299444037,0.5732701700555962
1462,1,-0.3342958688735962,-0.2108723521232605,/home/magali/CV4Ecology-summer-school/PrototypeCroppedImages/PrototypeCroppedImages_Sex_Val/1463_cropped.jpg,0.46918323113982835,0.5308167688601716
1463,1,-0.38510605692863464,-0.15436577796936035,/home/magali/CV4Ecology-summer-school/PrototypeCroppedImages/PrototypeCroppedImages_Sex_Val/1464_cropped.jpg,0.4425695095386729,0.5574304904613271
1464,1,-0.5263164639472961,-0.01881355792284012,/home/magali/CV4Ecology-summer-school/PrototypeCroppedImages/PrototypeCroppedImages_Sex_Val/1465_cropped.jpg,0.3757790848387618,0.6242209151612382
1465,0,-0.4885968565940857,-0.016520895063877106,/home/magali/CV4Ecology-summer-school/PrototypeCroppedImages/PrototypeCroppedImages_Sex_Val/1466_cropped.jpg,0.3841250091987312,0.6158749908012687
1466,0,-0.3720489740371704,-0.10248083621263504,/home/magali/CV4Ecology-summer-school/PrototypeCroppedImages/PrototypeCroppedImages_Sex_Val/1467_cropped.jpg,0.43301311963941497,0.566986880360585
1467,0,-0.10614952445030212,0.04759996384382248,/home/magali/CV4Ecology-summer-school/PrototypeCroppedImages/PrototypeCroppedImages_Sex_Val/1468_cropped.jpg,0.4616381674803152,0.5383618325196847
1468,1,-0.14919103682041168,-1.2675881385803223,/home/magali/CV4Ecology-summer-school/PrototypeCroppedImages/PrototypeCroppedImages_Sex_Val/1469_cropped.jpg,0.7536912742536972,0.24630872574630278
1469,1,-0.6382521390914917,0.2016383409500122,/home/magali/CV4Ecology-summer-school/PrototypeCroppedImages/PrototypeCroppedImages_Sex_Val/1470_cropped.jpg,0.3015578506679081,0.6984421493320919
1470,1,-0.1849467009305954,-0.4720216989517212,/home/magali/CV4Ecology-summer-school/PrototypeCroppedImages/PrototypeCroppedImages_Sex_Val/1471_cropped.jpg,0.5712798936969654,0.4287201063030346
1471,1,-0.4600127935409546,-0.1257483959197998,/home/magali/CV4Ecology-summer-school/PrototypeCroppedImages/PrototypeCroppedImages_Sex_Val/1472_cropped.jpg,0.4172033927337733,0.5827966072662266
1472,1,-0.48085644841194153,-0.012947387993335724,/home/magali/CV4Ecology-summer-school/PrototypeCroppedImages/PrototypeCroppedImages_Sex_Val/1473_cropped.jpg,0.3851112602132266,0.6148887397867734
1473,0,-1.0374242067337036,-0.3997362554073334,/home/magali/CV4Ecology-summer-school/PrototypeCroppedImages/PrototypeCroppedImages_Sex_Val/1474_cropped.jpg,0.34576936798948893,0.6542306320105111
1474,1,-0.1939624398946762,-0.1307910680770874,/home/magali/CV4Ecology-summer-school/PrototypeCroppedImages/PrototypeCroppedImages_Sex_Val/1475_cropped.jpg,0.4842124068897623,0.5157875931102377
1475,1,-0.39009353518486023,-0.2937990427017212,/home/magali/CV4Ecology-summer-school/PrototypeCroppedImages/PrototypeCroppedImages_Sex_Val/1476_cropped.jpg,0.47594496179485946,0.5240550382051405
1476,1,-0.3283274173736572,-0.3043099641799927,/home/magali/CV4Ecology-summer-school/PrototypeCroppedImages/PrototypeCroppedImages_Sex_Val/1477_cropped.jpg,0.4939959253137076,0.5060040746862924
1477,1,-0.5148975849151611,-0.41251805424690247,/home/magali/CV4Ecology-summer-school/PrototypeCroppedImages/PrototypeCroppedImages_Sex_Val/1478_cropped.jpg,0.47442745013418264,0.5255725498658173
1478,1,-0.3518756628036499,-0.35298290848731995,/home/magali/CV4Ecology-summer-school/PrototypeCroppedImages/PrototypeCroppedImages_Sex_Val/1479_cropped.jpg,0.5002768113926368,0.49972318860736326
1479,1,-0.5025947093963623,-0.2137230932712555,/home/magali/CV4Ecology-summer-school/PrototypeCroppedImages/PrototypeCroppedImages_Sex_Val/1480_cropped.jpg,0.428280136538148,0.5717198634618521
1480,0,-0.12194521725177765,-0.2508285641670227,/home/magali/CV4Ecology-summer-school/PrototypeCroppedImages/PrototypeCroppedImages_Sex_Val/1481_cropped.jpg,0.5321763092209412,0.4678236907790589
1481,0,-0.9337266087532043,-0.8062306642532349,/home/magali/CV4Ecology-summer-school/PrototypeCroppedImages/PrototypeCroppedImages_Sex_Val/1482_cropped.jpg,0.4681691203496005,0.5318308796503994
1482,1,-0.43007078766822815,-0.3131817877292633,/home/magali/CV4Ecology-summer-school/PrototypeCroppedImages/PrototypeCroppedImages_Sex_Val/1483_cropped.jpg,0.4708109766783592,0.5291890233216408
1483,0,-0.20384323596954346,-0.16953396797180176,/home/magali/CV4Ecology-summer-school/PrototypeCroppedImages/PrototypeCroppedImages_Sex_Val/1484_cropped.jpg,0.4914235242833468,0.5085764757166532
1484,0,-1.5536220073699951,-0.41940030455589294,/home/magali/CV4Ecology-summer-school/PrototypeCroppedImages/PrototypeCroppedImages_Sex_Val/1485_cropped.jpg,0.24338284233949295,0.756617157660507
1485,1,-0.38738083839416504,-0.09796970337629318,/home/magali/CV4Ecology-summer-school/PrototypeCroppedImages/PrototypeCroppedImages_Sex_Val/1486_cropped.jpg,0.42814803707391696,0.5718519629260829
1486,0,-0.5799098610877991,0.005749456584453583,/home/magali/CV4Ecology-summer-school/PrototypeCroppedImages/PrototypeCroppedImages_Sex_Val/1487_cropped.jpg,0.3576314269961533,0.6423685730038468
1487,0,-0.9158444404602051,-0.15375486016273499,/home/magali/CV4Ecology-summer-school/PrototypeCroppedImages/PrototypeCroppedImages_Sex_Val/1488_cropped.jpg,0.31819276773206867,0.6818072322679313
1488,0,-1.1914899349212646,0.0010305792093276978,/home/magali/CV4Ecology-summer-school/PrototypeCroppedImages/PrototypeCroppedImages_Sex_Val/1489_cropped.jpg,0.23280844693711206,0.7671915530628879
1489,0,-0.9513598084449768,-0.0984920784831047,/home/magali/CV4Ecology-summer-school/PrototypeCroppedImages/PrototypeCroppedImages_Sex_Val/1490_cropped.jpg,0.29883163194142537,0.7011683680585745
1490,0,-1.234495759010315,-0.336086630821228,/home/magali/CV4Ecology-summer-school/PrototypeCroppedImages/PrototypeCroppedImages_Sex_Val/1491_cropped.jpg,0.28937753170274033,0.7106224682972597
1491,0,-0.17472141981124878,-0.15784847736358643,/home/magali/CV4Ecology-summer-school/PrototypeCroppedImages/PrototypeCroppedImages_Sex_Val/1492_cropped.jpg,0.4957818644615349,0.5042181355384652
1492,0,-0.7656627297401428,-0.0448637530207634,/home/magali/CV4Ecology-summer-school/PrototypeCroppedImages/PrototypeCroppedImages_Sex_Val/1493_cropped.jpg,0.3272170670812167,0.6727829329187834
1493,0,-0.7893525958061218,-0.2606007754802704,/home/magali/CV4Ecology-summer-school/PrototypeCroppedImages/PrototypeCroppedImages_Sex_Val/1494_cropped.jpg,0.37080805314492055,0.6291919468550794
1494,0,-1.174628496170044,-0.5171639919281006,/home/magali/CV4Ecology-summer-school/PrototypeCroppedImages/PrototypeCroppedImages_Sex_Val/1495_cropped.jpg,0.3413094052797201,0.6586905947202799
1495,0,-0.7294305562973022,-0.1654452681541443,/home/magali/CV4Ecology-summer-school/PrototypeCroppedImages/PrototypeCroppedImages_Sex_Val/1496_cropped.jpg,0.3626258433384942,0.6373741566615059
1496,1,-1.1710220575332642,-0.17772778868675232,/home/magali/CV4Ecology-summer-school/PrototypeCroppedImages/PrototypeCroppedImages_Sex_Val/1497_cropped.jpg,0.2702618891426102,0.7297381108573898
1497,1,-1.60390305519104,-0.41477346420288086,/home/magali/CV4Ecology-summer-school/PrototypeCroppedImages/PrototypeCroppedImages_Sex_Val/1498_cropped.jpg,0.23341464387246386,0.7665853561275362
1498,1,-0.9928510189056396,-0.2565246522426605,/home/magali/CV4Ecology-summer-school/PrototypeCroppedImages/PrototypeCroppedImages_Sex_Val/1499_cropped.jpg,0.32380798799553884,0.6761920120044611
1499,1,-1.4166245460510254,0.08496593683958054,/home/magali/CV4Ecology-summer-school/PrototypeCroppedImages/PrototypeCroppedImages_Sex_Val/1500_cropped.jpg,0.18218842873208063,0.8178115712679193
1500,1,-1.5563281774520874,-0.25457629561424255,/home/magali/CV4Ecology-summer-school/PrototypeCroppedImages/PrototypeCroppedImages_Sex_Val/1501_cropped.jpg,0.21387032575462142,0.7861296742453786
1501,1,-1.2202686071395874,0.17186129093170166,/home/magali/CV4Ecology-summer-school/PrototypeCroppedImages/PrototypeCroppedImages_Sex_Val/1502_cropped.jpg,0.19906794843913947,0.8009320515608607
1502,1,-1.5659865140914917,-0.2709293067455292,/home/magali/CV4Ecology-summer-school/PrototypeCroppedImages/PrototypeCroppedImages_Sex_Val/1503_cropped.jpg,0.2149980561080458,0.7850019438919542
1503,1,-1.3648475408554077,-0.25968390703201294,/home/magali/CV4Ecology-summer-school/PrototypeCroppedImages/PrototypeCroppedImages_Sex_Val/1504_cropped.jpg,0.2487736357535558,0.7512263642464443
1504,1,-1.4821388721466064,-0.44666436314582825,/home/magali/CV4Ecology-summer-school/PrototypeCroppedImages/PrototypeCroppedImages_Sex_Val/1505_cropped.jpg,0.26202413383473333,0.7379758661652666
1505,1,-1.572595238685608,-0.10939215868711472,/home/magali/CV4Ecology-summer-school/PrototypeCroppedImages/PrototypeCroppedImages_Sex_Val/1506_cropped.jpg,0.1879779112669861,0.812022088733014
1506,1,-0.43178707361221313,0.07807319611310959,/home/magali/CV4Ecology-summer-school/PrototypeCroppedImages/PrototypeCroppedImages_Sex_Val/1507_cropped.jpg,0.37522628214100606,0.6247737178589938
1507,1,-0.293452650308609,-0.283333957195282,/home/magali/CV4Ecology-summer-school/PrototypeCroppedImages/PrototypeCroppedImages_Sex_Val/1508_cropped.jpg,0.4974703483054525,0.5025296516945477
1508,1,-0.4095667600631714,0.033766813576221466,/home/magali/CV4Ecology-summer-school/PrototypeCroppedImages/PrototypeCroppedImages_Sex_Val/1509_cropped.jpg,0.39094693268057046,0.6090530673194295
1509,1,-0.3533935844898224,-0.13352495431900024,/home/magali/CV4Ecology-summer-school/PrototypeCroppedImages/PrototypeCroppedImages_Sex_Val/1510_cropped.jpg,0.44525321337361057,0.5547467866263895
1510,1,-0.4786630868911743,-0.07805625349283218,/home/magali/CV4Ecology-summer-school/PrototypeCroppedImages/PrototypeCroppedImages_Sex_Val/1511_cropped.jpg,0.4011665503780871,0.598833449621913
1511,1,-0.3555821180343628,-0.15031743049621582,/home/magali/CV4Ecology-summer-school/PrototypeCroppedImages/PrototypeCroppedImages_Sex_Val/1512_cropped.jpg,0.44886325007143507,0.551136749928565
1512,1,-0.3263690769672394,-0.06752733141183853,/home/magali/CV4Ecology-summer-school/PrototypeCroppedImages/PrototypeCroppedImages_Sex_Val/1513_cropped.jpg,0.4356484540802813,0.5643515459197187
1513,1,-1.116541862487793,-0.23670685291290283,/home/magali/CV4Ecology-summer-school/PrototypeCroppedImages/PrototypeCroppedImages_Sex_Val/1514_cropped.jpg,0.2932119701427956,0.7067880298572043
1514,1,-0.6657527089118958,-0.8449457883834839,/home/magali/CV4Ecology-summer-school/PrototypeCroppedImages/PrototypeCroppedImages_Sex_Val/1515_cropped.jpg,0.5446787802362588,0.45532121976374107
1515,1,-0.9656110405921936,-0.8515087962150574,/home/magali/CV4Ecology-summer-school/PrototypeCroppedImages/PrototypeCroppedImages_Sex_Val/1516_cropped.jpg,0.4715053472882223,0.5284946527117776
1516,1,-1.1715774536132812,-0.3274569809436798,/home/magali/CV4Ecology-summer-school/PrototypeCroppedImages/PrototypeCroppedImages_Sex_Val/1517_cropped.jpg,0.3006676751515359,0.6993323248484641
1517,1,-1.324546217918396,-0.4967004358768463,/home/magali/CV4Ecology-summer-school/PrototypeCroppedImages/PrototypeCroppedImages_Sex_Val/1518_cropped.jpg,0.30410076081255477,0.6958992391874452
1518,0,-1.207159399986267,-0.32099589705467224,/home/magali/CV4Ecology-summer-school/PrototypeCroppedImages/PrototypeCroppedImages_Sex_Val/1519_cropped.jpg,0.2919021797761369,0.7080978202238631
1519,0,-0.9045019149780273,-0.11926349252462387,/home/magali/CV4Ecology-summer-school/PrototypeCroppedImages/PrototypeCroppedImages_Sex_Val/1520_cropped.jpg,0.3131919857428725,0.6868080142571275
1520,0,-0.8353878259658813,-0.30869635939598083,/home/magali/CV4Ecology-summer-school/PrototypeCroppedImages/PrototypeCroppedImages_Sex_Val/1521_cropped.jpg,0.37128888094489515,0.6287111190551049
1521,0,-0.3732104003429413,-0.20030134916305542,/home/magali/CV4Ecology-summer-school/PrototypeCroppedImages/PrototypeCroppedImages_Sex_Val/1522_cropped.jpg,0.4568801152506462,0.5431198847493538
1522,0,-0.7553080320358276,-0.3128680884838104,/home/magali/CV4Ecology-summer-school/PrototypeCroppedImages/PrototypeCroppedImages_Sex_Val/1523_cropped.jpg,0.3911597333666386,0.6088402666333614
1523,0,-0.7558791637420654,0.01807614415884018,/home/magali/CV4Ecology-summer-school/PrototypeCroppedImages/PrototypeCroppedImages_Sex_Val/1524_cropped.jpg,0.31562411547273067,0.6843758845272694
1524,0,-0.6629014611244202,0.01847004145383835,/home/magali/CV4Ecology-summer-school/PrototypeCroppedImages/PrototypeCroppedImages_Sex_Val/1525_cropped.jpg,0.33595526620432226,0.6640447337956779
1525,0,-0.47732681035995483,0.16699299216270447,/home/magali/CV4Ecology-summer-school/PrototypeCroppedImages/PrototypeCroppedImages_Sex_Val/1526_cropped.jpg,0.3442706960038064,0.6557293039961938
1526,0,-0.483279287815094,0.15806978940963745,/home/magali/CV4Ecology-summer-school/PrototypeCroppedImages/PrototypeCroppedImages_Sex_Val/1527_cropped.jpg,0.34494164234454217,0.6550583576554578
1527,0,-0.8899641036987305,-0.01009766012430191,/home/magali/CV4Ecology-summer-school/PrototypeCroppedImages/PrototypeCroppedImages_Sex_Val/1528_cropped.jpg,0.29320545584360347,0.7067945441563964
1528,1,-1.7890965938568115,-0.20601072907447815,/home/magali/CV4Ecology-summer-school/PrototypeCroppedImages/PrototypeCroppedImages_Sex_Val/1529_cropped.jpg,0.17035889218893321,0.8296411078110668
1529,1,-1.5892813205718994,-0.5970655679702759,/home/magali/CV4Ecology-summer-school/PrototypeCroppedImages/PrototypeCroppedImages_Sex_Val/1530_cropped.jpg,0.2704746472440748,0.7295253527559252
1530,1,-1.6019113063812256,-0.24649646878242493,/home/magali/CV4Ecology-summer-school/PrototypeCroppedImages/PrototypeCroppedImages_Sex_Val/1531_cropped.jpg,0.2049865219568762,0.7950134780431238
1531,1,-1.2176604270935059,-0.12855499982833862,/home/magali/CV4Ecology-summer-school/PrototypeCroppedImages/PrototypeCroppedImages_Sex_Val/1532_cropped.jpg,0.25178676969862757,0.7482132303013724
1532,1,-1.380828619003296,-0.10585608333349228,/home/magali/CV4Ecology-summer-school/PrototypeCroppedImages/PrototypeCroppedImages_Sex_Val/1533_cropped.jpg,0.21840722437383386,0.7815927756261661
1533,1,-1.7569258213043213,-0.2032129168510437,/home/magali/CV4Ecology-summer-school/PrototypeCroppedImages/PrototypeCroppedImages_Sex_Val/1534_cropped.jpg,0.17455065617618523,0.8254493438238147
1534,1,-0.7731059789657593,-0.4642826318740845,/home/magali/CV4Ecology-summer-school/PrototypeCroppedImages/PrototypeCroppedImages_Sex_Val/1535_cropped.jpg,0.42340197244775246,0.5765980275522476
1535,0,-0.6593838334083557,-0.5539983510971069,/home/magali/CV4Ecology-summer-school/PrototypeCroppedImages/PrototypeCroppedImages_Sex_Val/1536_cropped.jpg,0.4736779861569762,0.5263220138430238
1536,0,-0.9008650183677673,-0.6411290764808655,/home/magali/CV4Ecology-summer-school/PrototypeCroppedImages/PrototypeCroppedImages_Sex_Val/1537_cropped.jpg,0.4354286206375313,0.5645713793624687
1537,0,-1.2771471738815308,-0.6094339489936829,/home/magali/CV4Ecology-summer-school/PrototypeCroppedImages/PrototypeCroppedImages_Sex_Val/1538_cropped.jpg,0.33900907695797416,0.6609909230420258
1538,0,-1.3987873792648315,-0.9584364891052246,/home/magali/CV4Ecology-summer-school/PrototypeCroppedImages/PrototypeCroppedImages_Sex_Val/1539_cropped.jpg,0.3916573623293151,0.608342637670685
1539,0,-1.2624865770339966,-0.9831150770187378,/home/magali/CV4Ecology-summer-school/PrototypeCroppedImages/PrototypeCroppedImages_Sex_Val/1540_cropped.jpg,0.43060786793562233,0.5693921320643777
